County,State,Population_2018,Population_Density_Per_Square_Mile,Unemployment_rate_2018,Median_Household_Income_2018,Total_Male,Total_Female,Total_age0to17,Male_age0to17,Female_age0to17,Total_age18to64,Male_age18to64,Female_age18to64,Total_age65plus,Male_age65plus,Female_age65plus,Total_age85plusr,Male_age85plusr,Female_age85plusr,ICU_Beds,Aggregate_Transit_Score,cases,deaths
United States,US,327167434,87.4,3.9,61937,161128679,166038755,73399342,37490849,35908493,201336899,100331012,101005887,52431193,23306818,29124375,6544503,2325693,4218810,,,,
Autauga,AL,55601,91.8,3.6,59338,26995,28606,13163,6726,6437,33785,16482,17303,8653,3787,4866,871,329,542,6,0,4434,152
Baldwin,AL,218022,114.6,3.6,57588,105657,112365,47110,23810,23300,126341,61166,65175,44571,20681,23890,4304,1755,2549,51,368329051,10465,278
Barbour,AL,24881,31,5.2,34382,13133,11748,5192,2630,2562,14857,8414,6443,4832,2089,2743,472,148,324,5,0,3157,33
Bibb,AL,22400,36.8,4,46064,11921,10479,4587,2399,2188,14123,7895,6228,3690,1627,2063,363,108,255,0,158361697,2291,24
Blount,AL,57840,88.9,3.5,50412,28500,29340,13392,6707,6685,33900,17042,16858,10548,4751,5797,1032,371,661,6,0,2082,15
Bullock,AL,10138,17.5,4.7,29267,5527,4611,2137,1094,1043,6340,3717,2623,1661,716,945,184,53,131,0,0,2428,44
Butler,AL,19680,27,4.8,37365,9165,10515,4378,2319,2059,11307,5212,6095,3995,1634,2361,585,137,448,7,0,8409,260
Calhoun,AL,114277,195.7,4.7,45400,54914,59363,24695,12598,12097,69335,33731,35604,20247,8585,11662,2111,631,1480,24,848042143,5950,133
Chambers,AL,33615,57.4,3.9,39917,16093,17522,6992,3572,3420,20061,9733,10328,6562,2788,3774,749,198,551,0,0,16336,1049
Cherokee,AL,26032,46.9,3.6,42132,12896,13136,4990,2533,2457,15062,7574,7488,5980,2789,3191,536,184,352,0,0,1121,23
Chilton,AL,44153,63,3.6,47547,21668,22485,10491,5224,5267,26251,13074,13177,7411,3370,4041,769,297,472,6,0,3453,40
Choctaw,AL,12841,15.2,5.5,39907,6070,6771,2567,1338,1229,7321,3445,3876,2953,1287,1666,353,132,221,0,0,3468,89
Clarke,AL,23920,20.9,7.5,40741,11328,12592,5195,2612,2583,13972,6629,7343,4753,2087,2666,592,189,403,0,123462187,3027,60
Clay,AL,13275,23.1,3.9,39201,6492,6783,2688,1413,1275,7836,3848,3988,2751,1231,1520,312,120,192,4,0,1247,57
Cleburne,AL,14987,26.7,4.2,46495,7421,7566,3412,1791,1621,8660,4313,4347,2915,1317,1598,339,107,232,0,0,757,43
Coffee,AL,51909,73.6,3.9,55122,25521,26388,12280,6318,5962,30828,15357,15471,8801,3846,4955,970,316,654,7,0,6753,23
Colbert,AL,54762,91.8,4.6,49055,26259,28503,11370,5734,5636,32478,15778,16700,10914,4747,6167,1286,492,794,22,0,3408,94
Conecuh,AL,12277,15.6,5.2,32613,5881,6396,2550,1258,1292,6965,3361,3604,2762,1262,1500,325,137,188,0,0,804,11
Coosa,AL,10715,17.7,4.2,42423,5399,5316,1777,931,846,6457,3301,3156,2481,1167,1314,270,101,169,0,0,1593,49
Covington,AL,36986,36.6,4.6,40203,17896,19090,8089,4138,3951,21107,10366,10741,7790,3392,4398,979,316,663,13,0,2372,40
Crenshaw,AL,13824,22.8,4.1,39057,6674,7150,3160,1633,1527,8035,3898,4137,2629,1143,1486,303,84,219,0,0,1675,38
Cullman,AL,83442,109.4,3.3,45796,41245,42197,18757,9554,9203,49239,24781,24458,15446,6910,8536,1450,530,920,12,0,3452,17
Dale,AL,48956,89.6,4.2,45309,24023,24933,11247,5750,5497,29439,14592,14847,8270,3681,4589,898,338,560,6,0,2356,0
Dallas,AL,38310,44.8,6.5,34035,17685,20625,9121,4625,4496,22268,10128,12140,6921,2932,3989,701,193,508,18,148691594,5214,129
DeKalb,AL,71385,91.5,3.8,39491,35428,35957,17188,8834,8354,41875,21065,20810,12322,5529,6793,1207,398,809,12,0,6613,104
Elmore,AL,81887,128.2,3.4,60367,39585,42302,18211,9284,8927,51276,24709,26567,12400,5592,6808,1164,361,803,5,0,7804,182
Escambia,AL,36748,40.5,4.6,38418,18628,18120,8219,4112,4107,21933,11733,10200,6596,2783,3813,683,218,465,14,0,1618,98
Etowah,AL,102501,195.2,4.1,44903,49653,52848,21997,11284,10713,61017,29882,31135,19487,8487,11000,1983,636,1347,56,766048495,8720,502
Fayette,AL,16433,27.5,4.1,39254,8023,8410,3472,1776,1696,9489,4727,4762,3472,1520,1952,340,116,224,12,0,389,0
Franklin,AL,31363,50,3.7,39388,15823,15540,7695,3941,3754,18372,9531,8841,5296,2351,2945,565,209,356,7,0,10652,113
Geneva,AL,26314,46.6,3.9,37823,12846,13468,5768,2950,2818,15205,7513,7692,5341,2383,2958,578,200,378,6,0,795,0
Greene,AL,8233,14,6.7,28524,3887,4346,1825,928,897,4571,2175,2396,1837,784,1053,241,75,166,0,0,3188,105
Hale,AL,14726,24.5,5.1,34724,7008,7718,3394,1779,1615,8503,3981,4522,2829,1248,1581,350,106,244,0,0,3605,117
Henry,AL,17209,30.8,4.4,46027,8300,8909,3547,1827,1720,9752,4762,4990,3910,1711,2199,423,113,310,0,0,1755,46
Houston,AL,104722,175.1,4,47993,50286,54436,24120,12513,11607,61963,29717,32246,18639,8056,10583,2037,685,1352,66,0,5859,182
Jackson,AL,51736,49.4,4.1,41929,25390,26346,10806,5654,5152,30557,15121,15436,10373,4615,5758,957,319,638,10,0,2914,121
Jefferson,AL,659300,592.5,3.7,55013,311591,347709,150071,76250,73821,404682,191924,212758,104547,43417,61130,13443,4158,9285,471,102505817,61977,2930
Lamar,AL,13844,24.1,3.8,40936,6767,7077,2961,1515,1446,7885,3913,3972,2998,1339,1659,326,101,225,0,0,718,0
Lauderdale,AL,92387,138.8,4.2,48707,44327,48060,18168,9232,8936,55656,27073,28583,18563,8022,10541,2095,694,1401,48,0,4120,153
Lawrence,AL,32957,49.7,4.2,43909,16047,16910,7115,3637,3478,19691,9664,10027,6151,2746,3405,558,187,371,6,0,1240,0
Lee,AL,163941,230.8,3.6,48937,80639,83302,34893,17839,17054,109567,54067,55500,19481,8733,10748,1801,623,1178,28,0,22398,1345
Limestone,AL,96174,147.8,3.5,64863,48156,48018,21696,10961,10735,59870,30627,29243,14608,6568,8040,1391,442,949,10,0,3272,0
Lowndes,AL,9974,15.8,7.3,33973,4670,5304,2256,1120,1136,5838,2760,3078,1880,790,1090,215,61,154,0,0,5033,242
Macon,AL,18439,35.2,5.5,32495,8383,10056,3118,1572,1546,11565,5239,6326,3756,1572,2184,425,129,296,0,0,2266,109
Madison,AL,366519,417.7,3.5,63755,179074,187445,79966,40842,39124,231428,114090,117338,55125,24142,30983,6223,2299,3924,100,1318243629,14535,223
Marengo,AL,19066,21.5,5,37733,8933,10133,4335,2143,2192,10994,5175,5819,3737,1615,2122,510,161,349,5,0,4057,198
Marion,AL,29763,41.5,4.1,37887,14686,15077,6183,3216,2967,17259,8689,8570,6321,2781,3540,701,230,471,4,0,4725,389
Marshall,AL,96109,164.4,3.4,46233,47502,48607,23936,12310,11626,55798,28113,27685,16375,7079,9296,1679,551,1128,20,0,22128,347
Mobile,AL,413757,335.9,4.7,43598,197077,216680,96711,48979,47732,250005,119243,130762,67041,28855,38186,7238,2389,4849,157,2366533017,68717,3661
Monroe,AL,21067,22.5,6.2,39556,10005,11062,4543,2315,2228,12249,5829,6420,4275,1861,2414,567,179,388,8,0,909,73
Montgomery,AL,225763,292.5,4,49640,106522,119241,52774,26729,26045,138816,65532,73284,34173,14261,19912,4012,1359,2653,88,2254941713,33308,778
Morgan,AL,119089,206.3,3.5,52797,58682,60407,27168,13926,13242,71118,35657,35461,20803,9099,11704,2190,762,1428,34,0,5516,20
Perry,AL,9140,14.7,6.5,26814,4281,4859,1942,1005,937,5424,2561,2863,1774,715,1059,235,67,168,0,0,896,0
Pickens,AL,19938,22.4,4.6,37586,9948,9990,3921,2058,1863,12224,6167,6057,3793,1723,2070,430,159,271,4,0,3312,101
Pike,AL,33338,48.9,4.5,37259,16098,17240,6328,3284,3044,22023,10603,11420,4987,2211,2776,565,173,392,9,0,4667,0
Randolph,AL,22725,39.5,4,40546,11056,11669,4874,2499,2375,13226,6474,6752,4625,2083,2542,491,152,339,0,0,4605,287
Russell,AL,57781,82.6,4,39104,27745,30036,13968,7156,6812,35533,17141,18392,8280,3448,4832,893,240,653,8,1069956433,4195,0
St. Clair,AL,88690,132.3,3.5,57284,44027,44663,20126,10463,9663,53826,26978,26848,14738,6586,8152,1301,464,837,6,0,4358,26
Shelby,AL,215707,248.5,2.9,75663,104270,111437,50645,25548,25097,131975,63992,67983,33087,14730,18357,3416,1228,2188,32,0,19863,741
Sumter,AL,12691,15.2,5.9,27859,5802,6889,2407,1212,1195,7998,3662,4336,2286,928,1358,360,93,267,0,0,5232,156
Talladega,AL,79828,111.7,4.3,41630,38580,41248,16918,8449,8469,48540,23688,24852,14370,6443,7927,1357,477,880,14,0,3698,98
Tallapoosa,AL,40497,58.1,4.2,42205,19632,20865,8369,4292,4077,23397,11338,12059,8731,4002,4729,814,330,484,6,0,15470,1778
Tuscaloosa,AL,208911,147.3,3.7,52557,100589,108322,43761,22250,21511,137407,66372,71035,27743,11967,15776,3153,987,2166,84,1465906955,16492,245
Walker,AL,63711,84.7,4.2,45434,31040,32671,14143,7212,6931,37257,18425,18832,12311,5403,6908,1067,369,698,12,0,7623,16
Washington,AL,16378,16.3,5.8,44424,8055,8323,3604,1853,1751,9644,4788,4856,3130,1414,1716,325,120,205,0,0,2201,158
Wilcox,AL,10627,13.1,9.6,25385,5056,5571,2525,1243,1282,6036,2890,3146,2066,923,1143,249,67,182,0,300286358,4117,173
Winston,AL,23660,39.9,4.2,41156,11655,12005,4833,2477,2356,13726,6889,6837,5101,2289,2812,553,180,373,4,0,1516,6
Aleutians East Borough,AK,3515,0.4,3,70081,2374,1141,277,144,133,2914,2042,872,324,188,136,28,18,10,0,0,,
Aleutians West Census Area,AK,5723,1.3,3.5,82633,3750,1973,638,317,321,4691,3188,1503,394,245,149,21,11,10,0,0,,
Anchorage Municipality,AK,291538,171.2,5.5,82113,148384,143154,71339,36543,34796,187866,96609,91257,32333,15232,17101,3007,1100,1907,73,35,,
Bethel Census Area,AK,18216,0.4,12.8,44304,9376,8840,6542,3325,3217,10272,5379,4893,1402,672,730,81,21,60,0,0,76,0
Bristol Bay Borough,AK,877,2,6.3,77257,468,409,167,85,82,583,314,269,127,69,58,5,0,5,0,0,2,0
Denali Borough,AK,2059,0.1,7.8,75477,1146,913,384,219,165,1430,772,658,245,155,90,8,5,3,0,0,,
Dillingham Census Area,AK,5000,0.3,8.2,54524,2518,2482,1578,755,823,2952,1517,1435,470,246,224,35,15,20,0,0,1,0
Fairbanks North Star Borough,AK,98971,13.3,5.8,74268,53310,45661,23861,12249,11612,64906,35788,29118,10204,5273,4931,696,275,421,13,217750067,4973,109
Haines Borough,AK,2474,1.1,9.5,58943,1222,1252,424,202,222,1504,749,755,546,271,275,49,16,33,0,0,,
Hoonah-Angoon Census Area,AK,2151,0.3,12.6,51188,1134,1017,397,193,204,1271,666,605,483,275,208,24,15,9,0,0,,
Juneau City and Borough,AK,32113,11.6,4.4,79173,16313,15800,6830,3488,3342,20985,10756,10229,4298,2069,2229,328,96,232,9,26,1547,0
Kenai Peninsula Borough,AK,58533,3.4,7.7,65439,30488,28045,13227,6814,6413,35118,18391,16727,10188,5283,4905,690,273,417,6,0,1304,26
Ketchikan Gateway Borough,AK,13918,2.8,6,68309,7102,6816,3102,1558,1544,8654,4453,4201,2162,1091,1071,208,86,122,4,4531349513,1063,0
Kodiak Island Borough,AK,13345,2.1,5.8,74109,7096,6249,3417,1776,1641,8549,4654,3895,1379,666,713,91,26,65,0,0,46,0
Kusilvak Census Area,AK,8303,,19.9,32728,4374,3929,3391,1778,1613,4416,2376,2040,496,220,276,47,14,33,0,0,,
Lake and Peninsula Borough,AK,1587,0.1,11.6,49403,813,774,453,221,232,972,506,466,162,86,76,13,5,8,0,0,,
Matanuska-Susitna Borough,AK,107610,3.6,7.6,74649,55867,51743,28860,14903,13957,65936,34550,31386,12814,6414,6400,862,372,490,14,530862169,1112,48
Nome Census Area,AK,10008,0.4,11.6,55318,5267,4741,3467,1768,1699,5767,3081,2686,774,418,356,43,18,25,0,0,66,0
North Slope Borough,AK,9872,0.1,7,89276,6145,3727,2613,1350,1263,6586,4421,2165,673,374,299,48,16,32,0,0,4,0
Northwest Arctic Borough,AK,7671,0.2,14.2,59337,4141,3530,2706,1430,1276,4404,2441,1963,561,270,291,66,18,48,0,0,21,0
Petersburg Borough,AK,3221,1.2,8.7,66075,1700,1521,670,333,337,1936,1035,901,615,332,283,49,18,31,0,0,133,0
Prince of Wales-Hyder Census Area,AK,6422,1.4,10.9,49356,3517,2905,1471,806,665,3855,2092,1763,1096,619,477,55,25,30,0,3091632,99,0
Sitka City and Borough,AK,8647,3.1,4.2,71825,4400,4247,1854,953,901,5432,2810,2622,1361,637,724,149,53,96,0,22,42,0
Skagway Municipality,AK,1148,2.1,9.8,74635,597,551,182,97,85,799,414,385,167,86,81,9,5,4,0,0,,
Southeast Fairbanks Census Area,AK,6918,0.3,9.6,63527,3815,3103,1753,891,862,4160,2367,1793,1005,557,448,53,21,32,0,0,103,0
Valdez-Cordova Census Area,AK,9164,0.3,7.4,68528,4803,4361,2146,1059,1087,5762,3073,2689,1256,671,585,66,19,47,0,0,34,0
Wrangell City and Borough,AK,2503,0.9,7,57832,1296,1207,501,243,258,1454,761,693,548,292,256,41,12,29,0,0,,
Yakutat City and Borough,AK,604,0.1,8.2,59523,335,269,112,52,60,374,214,160,118,69,49,13,3,10,0,0,,
Yukon-Koyukuk Census Area,AK,5327,0,15.3,38912,2822,2505,1454,740,714,3063,1620,1443,810,462,348,68,38,30,0,0,60,0
Apache,AZ,71818,6.4,10.1,33652,35310,36508,19518,9628,9890,41314,20664,20650,10986,5018,5968,1155,443,712,0,385791953,33942,640
Cochise,AZ,126770,21.3,5.6,49164,64380,62390,27312,13801,13511,71132,37017,34115,28326,13562,14764,2969,1308,1661,12,1078664282,2168,31
Coconino,AZ,142854,7.2,5.5,60187,70580,72274,29454,15189,14265,95545,46876,48669,17855,8515,9340,1634,653,981,41,2970953364,34745,2685
Gila,AZ,53889,11.3,5.9,43585,26644,27245,10827,5538,5289,27556,13606,13950,15506,7500,8006,1590,657,933,8,0,837,30
Graham,AZ,38072,8.1,5.1,50157,20283,17789,10287,5262,5025,22475,12588,9887,5310,2433,2877,625,249,376,0,0,798,8
Greenlee,AZ,9483,4.6,4.3,65818,4871,4612,2590,1305,1285,5645,2989,2656,1248,577,671,191,58,133,0,0,133,0
La Paz,AZ,21098,4.6,6.2,37350,10820,10278,3540,1869,1671,9271,4628,4643,8287,4323,3964,1006,555,451,3,48823807,1267,81
Maricopa,AZ,4410824,414.9,4.1,65234,2181718,2229106,1052788,537457,515331,2688751,1342660,1346091,669285,301601,367684,78624,30897,47727,1004,4656540496,286912,11463
Mohave,AZ,209550,15,5.8,45129,105979,103571,35739,18174,17565,110285,56107,54178,63526,31698,31828,6070,2813,3257,80,512505541,9047,939
Navajo,AZ,110445,10.8,7.8,40650,55281,55164,29472,14952,14520,60963,30870,30093,20010,9459,10551,1807,745,1062,12,135790417,50941,1648
Pima,AZ,1039073,106.7,4.5,53395,511456,527617,216736,110384,106352,617082,307885,309197,205255,93187,112068,25438,10132,15306,296,4143703192,78369,5878
Pinal,AZ,447138,70,5,58848,232917,214221,100778,51405,49373,255231,137530,117701,91129,43982,47147,7553,3522,4031,22,87135799,27184,991
Santa Cruz,AZ,46511,38.3,9.3,40545,22473,24038,12435,6306,6129,25655,12332,13323,8421,3835,4586,941,370,571,0,0,3802,0
Yavapai,AZ,231993,26,4.5,48758,113321,118672,37687,19337,18350,121028,59153,61875,73278,34831,38447,7425,3183,4242,39,516120516,8917,169
Yuma,AZ,212128,35.5,17,44116,109306,102822,53494,27264,26230,118806,62989,55817,39828,19053,20775,5247,2596,2651,42,2299580401,13581,182
Arkansas,AR,17769,19.2,3.4,43887,8593,9176,4074,2070,2004,10211,4957,5254,3484,1566,1918,439,149,290,0,0,136,0
Ashley,AR,20046,23.6,5.5,41127,9771,10275,4582,2348,2234,11383,5536,5847,4081,1887,2194,375,143,232,6,0,852,0
Baxter,AR,41619,74.9,4.1,39686,20096,21523,7384,3799,3585,21375,10290,11085,12860,6007,6853,1599,693,906,17,0,331,0
Benton,AR,272608,261.2,2.9,68978,135582,137026,71569,36662,34907,164482,82519,81963,36557,16401,20156,4174,1595,2579,30,854163919,8461,5
Boone,AR,37480,62.5,3.5,44482,18443,19037,8593,4452,4141,21144,10494,10650,7743,3497,4246,932,371,561,24,0,266,0
Bradley,AR,10897,17.7,4.5,37729,5306,5591,2611,1351,1260,6219,3036,3183,2067,919,1148,279,90,189,0,0,664,43
Calhoun,AR,5277,8.5,3.9,44969,2662,2615,995,508,487,3145,1649,1496,1137,505,632,122,44,78,0,0,,
Carroll,AR,28223,43.6,3.2,45023,14047,14176,6065,3071,2994,15614,7837,7777,6544,3139,3405,636,241,395,0,0,373,3
Chicot,AR,10438,18.3,6.9,31787,5272,5166,2327,1229,1098,5989,3165,2824,2122,878,1244,318,93,225,0,0,535,0
Clark,AR,22061,26.6,3.8,45408,10452,11609,4184,2090,2094,14190,6725,7465,3687,1637,2050,458,158,300,0,456821138,2025,0
Clay,AR,14847,25.2,4.4,37687,7255,7592,3228,1615,1613,8440,4250,4190,3179,1390,1789,361,129,232,0,0,142,0
Cleburne,AR,24965,46.9,4.5,44902,12277,12688,4737,2423,2314,13541,6757,6784,6687,3097,3590,853,341,512,0,0,4810,254
Cleveland,AR,8018,14.5,3.9,47600,3978,4040,1754,913,841,4581,2283,2298,1683,782,901,173,68,105,0,0,748,0
Columbia,AR,23537,32.1,4.8,40909,11352,12185,4871,2537,2334,14565,7048,7517,4101,1767,2334,570,203,367,6,0,684,60
Conway,AR,20891,38.5,4.4,44565,10260,10631,4712,2370,2342,12084,6004,6080,4095,1886,2209,527,198,329,0,0,620,65
Craighead,AR,108558,136.4,3.1,45615,52730,55828,27090,13976,13114,66438,32381,34057,15030,6373,8657,1845,651,1194,66,1861762192,5544,11
Crawford,AR,63406,104.4,3.6,47363,31258,32148,15501,7886,7615,37358,18598,18760,10547,4774,5773,1084,389,695,8,0,447,0
Crittenden,AR,48342,83.5,4.3,42606,23011,25331,13076,6659,6417,28428,13386,15042,6838,2966,3872,748,237,511,0,1698117098,11223,320
Cross,AR,16676,29,4.2,41214,8044,8632,3906,1975,1931,9640,4686,4954,3130,1383,1747,367,132,235,0,0,1369,0
Dallas,AR,7182,12.2,4.4,37259,3549,3633,1535,820,715,3982,2013,1969,1665,716,949,246,75,171,0,0,58,0
Desha,AR,11512,16.9,4.5,36132,5437,6075,2950,1498,1452,6374,2984,3390,2188,955,1233,246,72,174,0,0,818,0
Drew,AR,18328,22.3,5,42494,8955,9373,3939,2075,1864,11182,5506,5676,3207,1374,1833,406,138,268,5,0,808,52
Faulkner,AR,124806,174.8,3.3,53882,60992,63814,28780,14814,13966,80444,39318,41126,15582,6860,8722,1601,550,1051,25,0,4794,128
Franklin,AR,17810,29.8,3.6,43696,8908,8902,4074,2125,1949,10293,5227,5066,3443,1556,1887,438,148,290,0,0,111,0
Fulton,AR,12269,19.8,4,35630,6021,6248,2521,1316,1205,6527,3173,3354,3221,1532,1689,377,155,222,0,0,132,0
Garland,AR,99154,141.7,4,43610,47660,51494,19941,10208,9733,55581,26871,28710,23632,10581,13051,2825,1054,1771,41,1648480176,6726,26
Grant,AR,18188,28.3,3.1,52050,8985,9203,4081,2049,2032,10832,5426,5406,3275,1510,1765,368,134,234,0,0,785,0
Greene,AR,45325,72.9,3.5,46512,22289,23036,11103,5634,5469,26980,13457,13523,7242,3198,4044,763,269,494,8,0,1309,0
Hempstead,AR,21741,31.1,3.6,38682,10482,11259,5609,2863,2746,12227,5886,6341,3905,1733,2172,487,166,321,8,887333187,429,53
Hot Spring,AR,33701,53.5,3.8,47205,17643,16058,6914,3709,3205,20418,11031,9387,6369,2903,3466,685,276,409,6,785107608,1104,0
Howard,AR,13341,23.4,3.5,40199,6417,6924,3472,1807,1665,7475,3561,3914,2394,1049,1345,297,107,190,0,0,771,1
Independence,AR,37678,48,4.1,45596,18371,19307,9122,4585,4537,21953,10885,11068,6603,2901,3702,819,282,537,12,0,889,0
Izard,AR,13593,23.6,5.5,37828,7050,6543,2447,1250,1197,7640,4121,3519,3506,1679,1827,445,174,271,0,0,453,0
Jackson,AR,16811,28.4,6.2,36573,8348,8463,3381,1716,1665,10379,5293,5086,3051,1339,1712,337,118,219,0,0,51,0
Jefferson,AR,68114,88.9,5.3,38596,33662,34452,15053,7790,7263,41284,20752,20532,11777,5120,6657,1347,406,941,34,0,15022,783
Johnson,AR,26742,38.7,4.5,39381,13264,13478,6617,3318,3299,15725,7911,7814,4400,2035,2365,515,189,326,8,0,1658,0
Lafayette,AR,6682,14.5,5.2,35527,3283,3399,1230,658,572,3846,1882,1964,1606,743,863,200,85,115,0,0,385,36
Lawrence,AR,16434,29.6,3.9,40308,8112,8322,3614,1911,1703,9578,4766,4812,3242,1435,1807,419,142,277,0,688904415,2930,161
Lee,AR,8985,17.3,4.8,28080,5049,3936,1639,809,830,5582,3464,2118,1764,776,988,251,103,148,0,0,390,48
Lincoln,AR,13383,25.2,4.3,44951,8273,5110,2250,1113,1137,9084,6247,2837,2049,913,1136,249,73,176,0,0,36764,215
Little River,AR,12326,24.7,5.3,43559,5936,6390,2742,1437,1305,6995,3353,3642,2589,1146,1443,252,91,161,0,0,48,0
Logan,AR,21737,31.6,4,41471,10852,10885,4711,2474,2237,12711,6378,6333,4315,2000,2315,462,166,296,0,0,174,1
Lonoke,AR,73657,88.7,3.2,56651,36302,37355,19009,9788,9221,44840,22175,22665,9808,4339,5469,954,320,634,0,0,2238,0
Madison,AR,16481,18.8,2.9,42674,8229,8252,3904,2010,1894,9434,4773,4661,3143,1446,1697,307,102,205,0,0,137,0
Marion,AR,16722,27.9,4.1,36581,8209,8513,3116,1526,1590,8838,4365,4473,4768,2318,2450,418,149,269,0,0,53,0
Miller,AR,43592,69.5,4.8,42162,21411,22181,10303,5310,4993,25925,12894,13031,7364,3207,4157,815,259,556,0,2186754514,1943,40
Mississippi,AR,41239,51.6,5.7,36718,20077,21162,10745,5508,5237,24394,11913,12481,6100,2656,3444,663,206,457,5,0,1960,20
Monroe,AR,6900,13.4,4.3,32922,3209,3691,1453,715,738,3846,1805,2041,1601,689,912,201,66,135,0,0,218,0
Montgomery,AR,8924,12.2,4.8,38318,4414,4510,1639,848,791,4874,2417,2457,2411,1149,1262,281,117,164,0,0,38,0
Nevada,AR,8326,14.6,3.5,37626,4126,4200,1882,1012,870,4726,2339,2387,1718,775,943,229,82,147,0,0,140,0
Newton,AR,7805,10.1,3.4,36078,3954,3851,1502,801,701,4234,2151,2083,2069,1002,1067,191,70,121,0,0,147,0
Ouachita,AR,23606,35.6,4.7,37624,11196,12410,5293,2682,2611,13503,6438,7065,4810,2076,2734,654,204,450,8,0,410,0
Perry,AR,10352,18.9,4.2,45342,5113,5239,2314,1164,1150,5947,2986,2961,2091,963,1128,239,85,154,0,0,422,0
Phillips,AR,18029,31.3,6.1,29945,8476,9553,4646,2427,2219,9957,4556,5401,3426,1493,1933,390,122,268,6,0,314,50
Pike,AR,10673,18.8,4.2,41534,5336,5337,2281,1181,1100,6216,3163,3053,2176,992,1184,206,85,121,0,0,196,0
Poinsett,AR,23974,32.4,3.8,37370,11646,12328,5760,2909,2851,13918,6936,6982,4296,1801,2495,413,134,279,0,0,1179,65
Polk,AR,20049,24.1,4.2,39048,9767,10282,4567,2263,2304,10871,5389,5482,4611,2115,2496,480,180,300,6,0,498,0
Pope,AR,64000,76,4.5,45788,31721,32279,14509,7438,7071,39410,19762,19648,10081,4521,5560,1176,412,764,11,0,3314,11
Prairie,AR,8074,13.4,3.9,43245,4063,4011,1613,902,711,4541,2233,2308,1920,928,992,252,101,151,0,0,116,0
Pulaski,AR,392680,503.8,3.5,49957,187731,204949,91009,46495,44514,240596,115223,125373,61075,26013,35062,7397,2357,5040,209,259580885,31919,1107
Randolph,AR,17948,27.6,4,37799,8874,9074,4255,2207,2048,10114,5111,5003,3579,1556,2023,528,182,346,2,0,1013,0
St. Francis,AR,25439,44.5,5.2,33257,14023,11416,5396,2721,2675,15921,9425,6496,4122,1877,2245,468,168,300,6,0,12978,10
Saline,AR,121421,148,3.1,63677,59489,61932,28223,14435,13788,71634,35218,36416,21564,9836,11728,2065,796,1269,16,0,3806,57
Scott,AR,10319,12.6,3.7,35826,5236,5083,2396,1276,1120,5771,2946,2825,2152,1014,1138,221,86,135,0,0,62,0
Searcy,AR,7958,12.3,4.3,31659,3988,3970,1626,842,784,4344,2181,2163,1988,965,1023,242,107,135,0,0,397,0
Sebastian,AR,127753,236.4,3.6,46843,62418,65335,30525,15502,15023,76724,37992,38732,20504,8924,11580,2475,821,1654,69,1781483859,911,0
Sevier,AR,17139,30.2,4.7,44100,8622,8517,4874,2482,2392,9772,4997,4775,2493,1143,1350,283,113,170,0,0,1962,39
Sharp,AR,17366,28.6,4.8,36032,8570,8796,3572,1877,1695,9264,4560,4704,4530,2133,2397,518,204,314,0,0,960,46
Stone,AR,12457,20.4,4.5,34009,6135,6322,2396,1220,1176,6645,3316,3329,3416,1599,1817,397,166,231,0,0,476,0
Union,AR,39126,40.1,5.6,45335,19038,20088,9419,4825,4594,22690,11110,11580,7017,3103,3914,834,285,549,16,0,4128,115
Van Buren,AR,16603,24.4,5.3,40486,8255,8348,3328,1703,1625,8950,4513,4437,4325,2039,2286,554,237,317,0,0,1743,116
Washington,AR,236961,215.6,2.6,50893,118335,118626,57728,29520,28208,151424,76458,74966,27809,12357,15452,3147,1118,2029,61,3103474427,7386,163
White,AR,78727,74.5,4.4,44811,38321,40406,18157,9314,8843,47638,23315,24323,12932,5692,7240,1440,529,911,13,0,2049,42
Woodruff,AR,6490,12.4,4.7,34306,3121,3369,1421,727,694,3567,1740,1827,1502,654,848,200,58,142,0,0,71,0
Yell,AR,21535,23.9,4.2,41729,10811,10724,5335,2780,2555,12371,6303,6068,3829,1728,2101,484,155,329,0,0,1447,28
Alameda,CA,1666753,2043.6,3,101744,820045,846708,342510,175183,167327,1093733,543780,549953,230510,101082,129428,30420,10764,19656,282,710944533,108397,3580
Alpine,CA,1101,1.6,4.6,55384,588,513,193,111,82,628,338,290,280,139,141,23,10,13,0,68587361,104,0
Amador,CA,39383,64.1,4,58515,21425,17958,5914,3050,2864,22836,13266,9570,10633,5109,5524,1086,473,613,6,891119492,424,0
Butte,CA,231256,134.4,5,50945,114342,116914,46213,23727,22486,142051,71207,70844,42992,19408,23584,5578,1983,3595,43,3317433754,1307,0
Calaveras,CA,45602,44.7,4,62984,22697,22905,7721,3986,3735,25328,12602,12726,12553,6109,6444,1133,472,661,0,699438913,716,0
Colusa,CA,21627,18.6,12.9,57249,11046,10581,5907,3069,2838,12557,6457,6100,3163,1520,1643,396,149,247,0,0,203,0
Contra Costa,CA,1150215,1465.2,3.2,101463,562483,587732,259791,132549,127242,708981,350076,358905,181443,79858,101585,23242,8429,14813,163,5246912833,55777,1501
Del Norte,CA,27828,28.4,5.5,48518,15188,12640,5854,3004,2850,16956,9787,7169,5018,2397,2621,549,213,336,6,2937753431,547,0
El Dorado,CA,190678,106,3.6,81869,95091,95587,37821,19372,18449,112468,56229,56239,40389,19490,20899,4328,1724,2604,28,1618794074,3136,0
Fresno,CA,994400,156.2,7.5,52318,496016,498384,281819,143891,137928,590468,297391,293077,122113,54734,67379,15816,5746,10070,164,3705304405,45146,688
Glenn,CA,28047,21.4,6.5,47365,14235,13812,7453,3861,3592,16141,8239,7902,4453,2135,2318,545,205,340,0,0,406,0
Humboldt,CA,136373,37.7,3.6,49471,67913,68460,26184,13452,12732,85809,43262,42547,24380,11199,13181,2733,974,1759,32,2670916953,3985,26
Imperial,CA,181827,41.8,18.1,46633,93235,88592,51765,26330,25435,106482,56333,50149,23580,10572,13008,3250,1327,1923,28,143712398,32479,591
Inyo,CA,17987,1.8,3.9,53793,9044,8943,3681,1904,1777,10096,5092,5004,4210,2048,2162,625,257,368,4,470244902,1110,39
Kern,CA,896764,103.3,8,51586,459690,437074,259180,131676,127504,539237,282652,256585,98347,45362,52985,10381,3905,6476,144,329748282,62672,808
Kings,CA,151366,110.1,7.7,58255,83196,68170,40964,20755,20209,94886,55314,39572,15516,7127,8389,1868,720,1148,22,3174723681,14263,76
Lake,CA,64382,51.5,5.2,45086,32140,32242,13490,6885,6605,36257,18114,18143,14635,7141,7494,1441,591,850,8,2283761228,476,0
Lassen,CA,30802,7.7,4.8,57705,19155,11647,5267,2703,2564,20868,14133,6735,4667,2319,2348,570,234,336,0,210200718,39,0
Los Angeles,CA,10105518,2419.6,4.7,67986,4981895,5123623,2188893,1120270,1068623,6540668,3265204,3275464,1375957,596421,779536,191462,68900,122562,2126,6767968271,1550800,70078
Madera,CA,157672,70.6,7,53632,76008,81664,43339,21995,21344,92282,43572,48710,22051,10441,11610,2378,1021,1357,10,1632133037,3487,125
Marin,CA,259666,485.1,2.4,122933,126989,132677,51925,26383,25542,149798,74861,74937,57943,25745,32198,7825,2865,4960,66,4968133618,16315,734
Mariposa,CA,17471,12.6,5.3,51402,8904,8567,2828,1456,1372,9761,4994,4767,4882,2454,2428,544,223,321,0,497477808,468,17
Mendocino,CA,87606,25.1,3.9,51386,43403,44203,18713,9532,9181,49527,24892,24635,19366,8979,10387,2115,710,1405,14,2753360009,754,0
Merced,CA,274765,132.2,8.3,56169,138632,136133,80588,41233,39355,163332,83374,79958,30845,14025,16820,3724,1391,2333,24,2925697848,8601,225
Modoc,CA,8777,2.5,7.5,45227,4386,4391,1708,871,837,4711,2322,2389,2358,1193,1165,251,110,141,0,539306876,2,0
Mono,CA,14250,4.7,3.8,66499,7571,6679,2608,1300,1308,9389,5067,4322,2253,1204,1049,205,108,97,2,6198855846,1716,62
Monterey,CA,435594,126.5,6.3,69665,221787,213807,113834,58153,55681,262559,136565,125994,59201,27069,32132,8426,3146,5280,27,4638550066,14205,334
Napa,CA,139417,182.4,2.9,85624,69392,70025,28800,14796,14004,83952,42264,41688,26665,12332,14333,3662,1379,2283,32,3925714676,4181,142
Nevada,CA,99696,103.1,3.5,66681,48920,50776,17071,8751,8320,55245,27222,28023,27380,12947,14433,3049,1128,1921,10,162389451,2422,59
Orange,CA,3185968,3807.7,2.9,89373,1572801,1613167,698788,357476,341312,2016793,1006453,1010340,470387,208872,261515,63179,23480,39699,651,4457074769,179861,3740
Placer,CA,393149,247.6,3.2,89175,192147,201002,87441,44702,42739,228802,113086,115716,76906,34359,42547,9725,3699,6026,70,2368828416,9720,471
Plumas,CA,18804,7.8,7.5,55079,9360,9444,3173,1594,1579,10286,5072,5214,5345,2694,2651,464,177,287,0,88137773,233,0
Riverside,CA,2450758,303.8,4.4,66793,1221375,1229383,616126,314381,301745,1481510,745834,735676,353122,161160,191962,42956,17432,25524,351,3497589264,245803,9947
Sacramento,CA,1540975,1470.8,3.8,69475,752972,788003,363909,185534,178375,959465,473294,486171,217601,94144,123457,27861,10250,17611,396,4861085766,63176,2585
San Benito,CA,61537,39.8,5.1,80063,30843,30694,15827,7958,7869,37773,19237,18536,7937,3648,4289,976,362,614,8,2324147471,3280,135
San Bernardino,CA,2171603,101.5,4,63310,1080950,1090653,572278,292580,279698,1347964,675526,672438,251361,112844,138517,27113,9947,17166,410,4684403063,142817,5937
San Diego,CA,3343364,735.8,3.3,78777,1682449,1660915,722408,369245,353163,2151502,1104085,1047417,469454,209119,260335,64214,23967,40247,570,5482784819,244934,9130
San Francisco,CA,883305,17179.2,2.4,110601,450363,432942,118692,60542,58150,626364,327260,299104,138249,62561,75688,21829,8175,13654,337,96,97688,1616
San Joaquin,CA,752660,492.6,6,63567,375136,377524,204316,104789,99527,452428,227899,224529,95916,42448,53468,11728,4162,7566,121,3365419222,33100,1520
San Luis Obispo,CA,284010,81.7,2.9,70626,144092,139918,50000,25649,24351,176970,91905,85065,57040,26538,30502,7161,2826,4335,46,3031033906,11781,58
San Mateo,CA,769545,1602.2,2.2,122930,380308,389237,158383,80986,77397,487241,245124,242117,123921,54198,69723,18165,6607,11558,131,6382051496,77042,2992
Santa Barbara,CA,446527,155,3.9,75646,223377,223150,98787,50348,48439,279275,142352,136923,68465,30677,37788,10590,4061,6529,82,4628097423,49820,442
Santa Clara,CA,1937570,1381,2.6,125933,980868,956702,424427,217379,207048,1252012,647226,604786,261131,116263,144868,36655,13894,22761,313,6688243529,133775,6486
Santa Cruz,CA,274255,589.4,4.9,84213,135725,138530,52852,26955,25897,176276,87966,88310,45127,20804,24323,5109,1733,3376,22,5417571532,8300,128
Shasta,CA,180040,46.9,4.9,53908,88367,91673,38584,19725,18859,103903,51396,52507,37553,17246,20307,4284,1619,2665,81,2380876268,1820,222
Sierra,CA,2987,3.4,6,52308,1511,1476,480,246,234,1562,801,761,945,464,481,85,39,46,0,0,10,0
Siskiyou,CA,43724,7.2,6.7,47560,21731,21993,8802,4479,4323,23762,11843,11919,11160,5409,5751,1150,445,705,4,1724776755,340,0
Solano,CA,446610,503,3.9,82808,221997,224613,98740,50620,48120,277440,140096,137344,70430,31281,39149,7991,2943,5048,92,4313617672,18084,508
Sonoma,CA,499942,307.1,2.7,81002,244124,255818,98196,50059,48137,303032,150378,152654,98714,43687,55027,12108,4279,7829,82,4123683562,17637,185
Stanislaus,CA,549815,344.2,6.4,59616,272316,277499,148801,75853,72948,328695,164481,164214,72319,31982,40337,8795,3297,5498,88,3986105012,23072,813
Sutter,CA,96807,157.3,7.5,57879,48222,48585,25059,12970,12089,56846,28491,28355,14902,6761,8141,1972,758,1214,0,3860559335,1886,117
Tehama,CA,63916,21.5,5.7,47572,31743,32173,15363,7872,7491,36164,18108,18056,12389,5763,6626,1383,560,823,8,1976235292,92,36
Trinity,CA,12535,4.3,5.7,40680,6442,6093,2140,1157,983,6975,3512,3463,3420,1773,1647,290,134,156,0,889253758,42,0
Tulare,CA,465861,91.7,9.6,48763,233078,232783,142848,73067,69781,269721,135802,133919,53292,24209,29083,6353,2468,3885,51,5033307988,51926,2422
Tuolumne,CA,54539,24.9,4.6,56500,28296,26243,9158,4689,4469,31102,16786,14316,14279,6821,7458,1583,629,954,6,1595564277,146,0
Ventura,CA,850967,446.7,3.8,84170,421319,429648,194553,98893,95660,524027,263111,260916,132387,59315,73072,17598,6593,11005,139,3600020441,36660,1147
Yolo,CA,220408,197.9,4.2,67804,106746,113662,46233,23426,22807,146640,71072,75568,27535,12248,15287,3688,1378,2310,14,509602363,9137,885
Yuba,CA,78041,114.2,6.4,47504,39503,38538,21557,11091,10466,46529,23705,22824,9955,4707,5248,955,404,551,24,332038639,1229,57
Adams,CO,511868,378.2,3.5,70199,258470,253398,135776,69246,66530,322505,165179,157326,53587,24045,29542,5462,2046,3416,168,5306979361,102728,3940
Alamosa,CO,16683,21.4,4.2,42897,8361,8322,4012,2102,1910,10400,5187,5213,2271,1072,1199,234,94,140,6,0,1449,106
Arapahoe,CO,651215,716.7,3.2,76665,322713,328502,153397,78321,75076,412753,206723,206030,85065,37669,47396,9312,3321,5991,127,5490049856,153066,9012
Archuleta,CO,13765,8.9,3.4,53337,6898,6867,2485,1253,1232,7695,3849,3846,3585,1796,1789,258,109,149,0,0,433,0
Baca,CO,3585,1.5,1.8,38294,1800,1785,802,429,373,1897,979,918,886,392,494,168,61,107,0,0,658,0
Bent,CO,5882,4.3,3.2,37659,3848,2034,877,427,450,3950,2888,1062,1055,533,522,146,54,92,0,0,32,0
Boulder,CO,326078,405.6,2.8,83591,164069,162009,61951,31752,30199,217641,111070,106571,46486,21247,25239,5238,1820,3418,72,5263910078,36142,2216
Broomfield,CO,69267,1691.9,2.9,96924,34441,34826,16005,8166,7839,43670,22173,21497,9592,4102,5490,1100,360,740,20,29,9141,737
Chaffee,CO,20027,17.6,2.7,56168,10582,9445,3009,1555,1454,11934,6551,5383,5084,2476,2608,555,219,336,2,0,3378,713
Cheyenne,CO,1876,1,1.8,54504,954,922,477,238,239,1014,536,478,385,180,205,66,15,51,0,0,116,0
Clear Creek,CO,9605,23,3,74019,5067,4538,1448,763,685,6204,3272,2932,1953,1032,921,140,61,79,0,354350505,815,41
Conejos,CO,8200,6.4,4.4,38777,4117,4083,2126,1051,1075,4492,2301,2191,1582,765,817,157,76,81,0,0,26,0
Costilla,CO,3828,2.9,4.3,31557,1982,1846,724,375,349,2059,1060,999,1045,547,498,101,32,69,0,0,212,0
Crowley,CO,5858,7.4,4.4,35880,4286,1572,687,348,339,4368,3535,833,803,403,400,101,36,65,0,0,1234,74
Custer,CO,4954,5.8,3.7,55242,2555,2399,685,359,326,2675,1367,1308,1594,829,765,89,34,55,0,0,119,0
Delta,CO,30953,27.1,3.9,46786,15501,15452,6197,3131,3066,16732,8565,8167,8024,3805,4219,884,337,547,6,0,2282,54
Denver,CO,716492,3922.6,3.2,68069,359590,356902,139926,71234,68692,492350,251477,240873,84216,36879,47337,10677,3758,6919,227,78,191696,9920
Dolores,CO,2074,1.9,2.8,47482,1090,984,415,217,198,1139,588,551,520,285,235,50,24,26,0,0,,
Douglas,CO,342776,339.7,2.9,120670,171127,171649,88978,45533,43445,212863,106552,106311,40935,19042,21893,3762,1460,2302,54,2398735707,30157,1484
Eagle,CO,54993,31,2.7,86896,29160,25833,11988,6214,5774,36649,19656,16993,6356,3290,3066,361,160,201,5,3476788674,32894,435
Elbert,CO,26282,12.5,2.8,98247,13278,13004,5718,2912,2806,16253,8206,8047,4311,2160,2151,293,96,197,0,0,1907,78
El Paso,CO,713856,292.6,3.9,67923,360720,353136,172064,87839,84225,450729,232063,218666,91063,40818,50245,9550,3503,6047,95,2573455455,61673,3989
Fremont,CO,48021,30.5,5.2,47885,27722,20299,7839,3996,3843,29780,18655,11125,10402,5071,5331,1136,456,680,4,0,1081,0
Garfield,CO,59770,19.1,3.2,74421,30533,29237,15072,7678,7394,36840,19030,17810,7858,3825,4033,748,274,474,5,3231668738,5644,116
Gilpin,CO,6121,36.3,2.5,72949,3212,2909,952,444,508,4134,2219,1915,1035,549,486,45,23,22,0,13618148,96,0
Grand,CO,15525,8,2.7,69214,8319,7206,2609,1354,1255,10184,5447,4737,2732,1518,1214,189,92,97,0,1524403047,353,0
Gunnison,CO,17246,4.7,2.6,61268,9300,7946,2931,1511,1420,12079,6604,5475,2236,1185,1051,170,66,104,0,1749776608,9578,272
Hinsdale,CO,811,0.8,2.6,62149,418,393,126,70,56,439,222,217,246,126,120,22,9,13,0,0,170,0
Huerfano,CO,6889,4.2,6.5,38242,3513,3376,1122,616,506,3619,1778,1841,2148,1119,1029,253,112,141,0,0,130,0
Jackson,CO,1399,0.9,2.6,51457,724,675,239,123,116,849,450,399,311,151,160,33,16,17,0,0,,
Jefferson,CO,580233,699.5,3,85550,289294,290939,114515,58595,55920,370241,187548,182693,95477,43151,52326,10719,3879,6840,94,4807321741,83382,4856
Kiowa,CO,1383,0.8,1.8,44704,673,710,309,156,153,750,371,379,324,146,178,56,22,34,0,0,,
Kit Carson,CO,7163,3.8,2,48342,3582,3581,1820,912,908,3958,2017,1941,1385,653,732,216,76,140,0,0,1137,103
Lake,CO,7824,19.4,2.6,51802,4207,3617,1561,791,770,5146,2827,2319,1117,589,528,90,43,47,0,1637421491,1000,0
La Plata,CO,56310,30.3,3,66219,28411,27899,10684,5552,5132,35958,18105,17853,9668,4754,4914,849,334,515,11,0,3633,23
Larimer,CO,350518,115.4,2.8,71306,174991,175527,68703,35105,33598,226877,114635,112242,54938,25251,29687,6166,2205,3961,55,372201121,22307,1019
Las Animas,CO,14503,3.2,4.7,41485,7572,6931,2727,1397,1330,8247,4467,3780,3529,1708,1821,402,130,272,0,1062005817,195,0
Lincoln,CO,5610,2.1,2.4,46690,3277,2333,1132,600,532,3493,2211,1282,985,466,519,164,64,100,0,0,162,0
Logan,CO,21528,12.4,2.9,53168,12030,9498,3995,2090,1905,13709,8210,5499,3824,1730,2094,625,194,431,4,0,16115,91
Mesa,CO,153207,44.1,4.1,51132,75720,77487,33045,16949,16096,90924,45370,45554,29238,13401,15837,3684,1375,2309,44,2585647433,2638,0
Mineral,CO,776,0.8,2.6,60210,385,391,115,55,60,419,204,215,242,126,116,22,11,11,0,0,126,0
Moffat,CO,13188,2.9,3.7,59500,6763,6425,3418,1761,1657,7750,4029,3721,2020,973,1047,231,80,151,0,0,335,0
Montezuma,CO,26158,12.6,4.7,50180,12901,13257,5756,2954,2802,14617,7160,7457,5785,2787,2998,647,255,392,4,0,1206,133
Montrose,CO,42214,18.4,3.7,52576,20815,21399,9120,4671,4449,23258,11532,11726,9836,4612,5224,1246,454,792,8,0,6103,526
Morgan,CO,28558,22,2.9,55387,14410,14148,7424,3764,3660,16712,8648,8064,4422,1998,2424,708,240,468,6,620850341,20625,1068
Otero,CO,18432,14.9,5,40064,9025,9407,4410,2232,2178,10256,5095,5161,3766,1698,2068,478,176,302,506,586386658,571,38
Ouray,CO,4833,8.2,3.5,68900,2446,2387,742,381,361,2777,1379,1398,1314,686,628,88,41,47,0,0,319,53
Park,CO,18556,7.4,2.9,72121,9768,8788,2810,1464,1346,11953,6304,5649,3793,2000,1793,172,65,107,0,0,766,0
Phillips,CO,4286,6.5,1.9,52367,2115,2171,1056,559,497,2264,1137,1127,966,419,547,206,72,134,0,0,416,0
Pitkin,CO,17950,17.7,3.8,89034,9289,8661,2704,1362,1342,11764,6078,5686,3482,1849,1633,257,127,130,4,7269620141,3574,131
Prowers,CO,12164,7.7,3.3,42455,6113,6051,3138,1618,1520,6883,3531,3352,2143,964,1179,290,108,182,0,874814463,304,0
Pueblo,CO,167529,66.7,4.9,48308,82556,84973,37623,19339,18284,98918,49221,49697,30988,13996,16992,4028,1480,2548,32,2624847021,9014,569
Rio Blanco,CO,6336,2.1,4.4,63411,3237,3099,1506,787,719,3845,1963,1882,985,487,498,126,50,76,0,0,59,0
Rio Grande,CO,11250,13.1,4.8,44171,5624,5626,2550,1292,1258,6424,3233,3191,2276,1099,1177,288,116,172,0,0,544,2
Routt,CO,25733,10,2.7,81033,13399,12334,4658,2350,2308,17101,8959,8142,3974,2090,1884,287,111,176,4,0,3186,233
Saguache,CO,6843,1.9,4.6,36869,3426,3417,1465,735,730,3806,1876,1930,1572,815,757,100,47,53,0,0,706,5
San Juan,CO,762,1.8,3.1,46878,427,335,96,50,46,488,285,203,178,92,86,12,5,7,0,0,28,0
San Miguel,CO,8191,5.7,3.5,69458,4359,3832,1438,746,692,5552,2954,2598,1201,659,542,61,30,31,0,0,1084,0
Sedgwick,CO,2303,4.3,2.6,40009,1137,1166,469,231,238,1230,623,607,604,283,321,106,37,69,0,0,,
Summit,CO,31007,46,2.2,80078,16816,14191,5038,2649,2389,21734,11945,9789,4235,2222,2013,181,92,89,8,3406532318,8022,86
Teller,CO,25083,41.9,3.7,64850,12734,12349,4255,2195,2060,15323,7703,7620,5505,2836,2669,287,119,168,0,0,1558,122
Washington,CO,4909,1.9,2.4,47869,2552,2357,1110,585,525,2783,1481,1302,1016,486,530,161,53,108,0,0,650,0
Weld,CO,314305,63.4,3,75629,158475,155830,82497,42214,40283,193584,98395,95189,38224,17866,20358,3834,1486,2348,26,1989389157,98900,5373
Yuma,CO,10020,4.2,2,53253,4989,5031,2709,1371,1338,5460,2801,2659,1851,817,1034,277,93,184,0,0,564,0
Fairfield,CT,943823,1467.2,4,91183,459748,484075,212038,108041,103997,581867,286738,295129,149918,64969,84949,23666,8077,15589,173,577281086,645850,45802
Hartford,CT,892697,1216.2,4.2,73037,434117,458580,187304,95480,91824,552519,273324,279195,152874,65313,87561,23768,7931,15837,216,5640051661,343306,39741
Litchfield,CT,181111,206.3,3.8,76304,89551,91560,32933,16924,16009,109676,54942,54734,38502,17685,20817,5000,1790,3210,21,914425536,54241,4676
Middlesex,CT,162682,448.6,3.5,88709,79242,83440,28777,14761,14016,100838,49838,51000,33067,14643,18424,4889,1696,3193,24,3252384734,39038,4780
New Haven,CT,857620,1426.7,4.4,67720,413494,444126,173046,88452,84594,535688,261306,274382,148886,63736,85150,22603,7428,15175,186,5935839042,427358,30924
New London,CT,266784,412.2,4,67790,133702,133082,51733,26464,25269,166440,85255,81185,48611,21983,26628,6515,2306,4209,32,296901481,34939,2365
Tolland,CT,150921,372.2,3.6,89584,75598,75323,26160,13383,12777,100916,51131,49785,23845,11084,12761,2969,1112,1857,16,2410199694,27935,2259
Windham,CT,117027,230.9,4.5,65182,57943,59084,23202,11873,11329,74407,37325,37082,19418,8745,10673,2461,823,1638,6,1749910681,12172,367
Kent,DE,178550,276.9,4.1,54980,86023,92527,40805,20593,20212,107262,51865,55397,30483,13565,16918,3151,1218,1933,29,3364217874,46450,1767
New Castle,DE,559335,1263.2,3.7,69562,271123,288212,120227,60997,59230,352080,172393,179687,87028,37733,49295,10934,3932,7002,119,4895829254,116413,4589
Sussex,DE,229286,210.6,3.7,59821,110781,118505,42584,21496,21088,123127,59688,63439,63575,29597,33978,5752,2169,3583,38,1907054453,134243,3882
District of Columbia,DC,702455,9856.5,5.6,82533,333307,369148,127494,64395,63099,489658,234074,255584,85303,34838,50465,12153,4006,8147,314,93,,
Alachua,FL,269956,282.7,3.3,51026,130428,139528,48541,24588,23953,183579,89172,94407,37836,16668,21168,4599,1659,2940,210,5720159672,16633,206
Baker,FL,28355,46.3,3.4,52804,14917,13438,6715,3410,3305,17625,9666,7959,4015,1841,2174,372,141,231,0,0,1345,153
Bay,FL,185287,222.6,4,51777,91929,93358,39761,20152,19609,113848,57278,56570,31678,14499,17179,3803,1572,2231,77,2048433996,3977,138
Bradford,FL,27732,97,3.3,45075,15318,12414,5436,2783,2653,17361,10359,7002,4935,2176,2759,611,206,405,0,0,2427,95
Brevard,FL,596849,535,3.5,57612,291903,304946,108913,55942,52971,346591,171221,175370,141345,64740,76605,18607,7464,11143,159,2107186548,16443,454
Broward,FL,1951260,1444.9,3.4,57200,950568,1000692,412789,209292,203497,1214158,598453,615705,324313,142823,181490,46114,16928,29186,587,4941992962,299623,11376
Calhoun,FL,14587,25.8,4.1,38323,7962,6625,2924,1487,1437,9032,5250,3782,2631,1225,1406,310,118,192,0,0,1268,44
Charlotte,FL,184998,235.2,4,52724,90256,94742,22067,11433,10634,88537,43107,45430,74394,35716,38678,9602,4320,5282,51,0,15176,1545
Citrus,FL,147929,242.8,5.2,41556,71714,76215,22036,11203,10833,72188,34865,37323,53705,25646,28059,6272,2779,3493,40,711860743,5726,568
Clay,FL,216072,315.8,3.3,62835,106560,109512,50209,25819,24390,131759,64995,66764,34104,15746,18358,3073,1115,1958,28,33014736,15733,1042
Collier,FL,378488,160.9,3.4,70649,186769,191719,64794,33275,31519,191759,95722,96037,121935,57772,64163,17249,8200,9049,73,2242617896,43393,1344
Columbia,FL,70503,84.7,3.7,46195,36366,34137,15312,7782,7530,41877,22405,19472,13314,6179,7135,1486,589,897,27,0,4438,68
DeSoto,FL,37489,54.7,3.8,37233,21230,16259,7099,3711,3388,22073,13448,8625,8317,4071,4246,1068,498,570,8,0,3104,289
Dixie,FL,16700,23.3,4.2,37148,9244,7456,3035,1582,1453,9716,5640,4076,3949,2022,1927,371,174,197,0,0,862,17
Duval,FL,950181,1133.9,3.6,55733,460434,489747,214676,109448,105228,602022,293668,308354,133483,57318,76165,14914,4800,10114,412,3806869014,62566,1528
Escambia,FL,315534,453.4,3.5,50644,156179,159355,65784,33595,32189,196602,99205,97397,53148,23379,29769,6061,2202,3859,120,305814779,30219,829
Flagler,FL,112067,197.1,4,58975,53927,58140,18884,9673,9211,58755,27896,30859,34428,16358,18070,3697,1589,2108,18,0,7032,166
Franklin,FL,11736,21.6,3.5,40297,6545,5191,1888,981,907,7034,4141,2893,2814,1423,1391,215,105,110,0,0,116,0
Gadsden,FL,45894,89.8,4.6,42259,21790,24104,10097,5042,5055,27600,13194,14406,8197,3554,4643,891,324,567,0,90044263,7133,22
Gilchrist,FL,18256,48.4,3.8,42186,9429,8827,3703,1890,1813,10812,5868,4944,3741,1671,2070,483,154,329,0,0,347,0
Glades,FL,13724,16,4,38680,7719,6005,2080,1057,1023,7900,4766,3134,3744,1896,1848,381,207,174,0,0,563,62
Gulf,FL,16164,28.1,4.4,45426,9461,6703,2500,1295,1205,10177,6485,3692,3487,1681,1806,337,151,186,0,0,61,0
Hamilton,FL,14310,28.8,4.2,36299,8283,6027,2707,1406,1301,9028,5697,3331,2575,1180,1395,290,104,186,0,0,3493,0
Hardee,FL,27245,43.5,5.3,39169,14376,12869,7141,3704,3437,15572,8480,7092,4532,2192,2340,547,238,309,0,0,1766,0
Hendry,FL,41556,34,6.1,44391,22163,19393,10964,5820,5144,24880,13465,11415,5712,2878,2834,731,324,407,3,0,7712,305
Hernando,FL,190865,365.6,4.5,45884,91975,98890,34957,17607,17350,103496,50040,53456,52412,24328,28084,6445,2687,3758,44,1900878046,5485,218
Highlands,FL,105424,97.2,4.8,39994,51515,53909,17970,9076,8894,50232,24932,25300,37222,17507,19715,5501,2512,2989,38,276304145,5033,401
Hillsborough,FL,1436888,1204.9,3.4,58361,702940,733948,323986,166454,157532,907587,445925,461662,205315,90561,114754,23732,8703,15029,432,3303892778,76872,2091
Holmes,FL,19477,41.6,4,38040,10336,9141,3938,2048,1890,11668,6529,5139,3871,1759,2112,419,170,249,0,0,532,0
Indian River,FL,157413,274.5,4.3,58228,75421,81992,25219,12932,12287,80175,38662,41513,52019,23827,28192,7562,3283,4279,40,0,5730,343
Jackson,FL,48305,54.2,4,39545,26615,21690,8961,4703,4258,29920,17686,12234,9424,4226,5198,1134,411,723,7,0,4443,3
Jefferson,FL,14288,24.7,3.7,46332,7491,6797,2431,1266,1165,8495,4664,3831,3362,1561,1801,370,123,247,0,0,1376,97
Lafayette,FL,8732,16.3,3.2,42689,4986,3746,1771,842,929,5560,3479,2081,1401,665,736,160,64,96,0,0,187,0
Lake,FL,356495,316.6,3.5,52447,172515,183980,68268,34814,33454,193118,94003,99115,95109,43698,51411,11223,4694,6529,158,1632864003,13384,605
Lee,FL,754610,788.7,3.4,56343,369372,385238,132623,67893,64730,406093,198648,207445,215894,102831,113063,26050,11548,14502,141,2281206496,66232,3136
Leon,FL,292502,413.1,3.3,51046,138642,153860,54472,27747,26725,198875,93804,105071,39155,17091,22064,4223,1465,2758,60,4651646259,13491,203
Levy,FL,40770,36.5,3.8,39037,19903,20867,7956,4113,3843,22711,10949,11762,10103,4841,5262,889,401,488,0,0,1037,2
Liberty,FL,8457,10,3.8,40814,5215,3242,1512,801,711,5716,3811,1905,1229,603,626,102,41,61,0,0,5284,0
Madison,FL,18529,27.6,3.9,38249,9799,8730,3492,1828,1664,11239,6212,5027,3798,1759,2039,416,132,284,0,0,2657,115
Manatee,FL,394855,434.5,3.4,59587,190647,204208,72121,36551,35570,214561,103889,110672,108173,50207,57966,14617,6337,8280,90,4019965649,36074,3179
Marion,FL,359977,209.1,4.3,44517,172642,187335,66922,34173,32749,188877,90426,98451,104178,48043,56135,11649,5038,6611,110,2523124694,10009,237
Martin,FL,160912,269.2,3.5,61592,79518,81394,26388,13457,12931,84834,43094,41740,49690,22967,26723,8058,3498,4560,74,537041729,15399,315
Miami-Dade,FL,2761581,1315.5,3.9,52043,1340718,1420863,558250,283994,274256,1755219,870416,884803,448112,186308,261804,64317,22311,42006,593,6541829396,720636,21761
Monroe,FL,75027,74.3,2.6,67094,39005,36022,11361,5769,5592,46400,24238,22162,17266,8998,8268,1723,797,926,14,1811384368,4980,179
Nassau,FL,85832,113,3.2,66898,42254,43578,16943,8717,8226,49847,24449,25398,19042,9088,9954,1756,753,1003,0,76218216,3217,30
Okaloosa,FL,207269,194.4,2.9,62779,104997,102272,46083,23487,22596,127997,66394,61603,33189,15116,18073,3614,1397,2217,57,1626037274,9019,222
Okeechobee,FL,41537,52,3.7,42258,22289,19248,8844,4661,4183,24475,13618,10857,8218,4010,4208,942,437,505,8,309126649,1441,0
Orange,FL,1380645,1268.5,3.2,58037,677345,703300,305917,156078,149839,909908,449158,460750,164820,72109,92711,19063,6785,12278,388,4340752645,83950,1709
Osceola,FL,367990,202.4,3.6,50473,181463,186527,89835,46107,43728,229550,113764,115786,48605,21592,27013,4736,1800,2936,66,3848649548,29946,622
Palm Beach,FL,1485941,670.2,3.6,61735,720762,765179,283456,144656,138800,847219,418617,428602,355266,157489,197777,63211,26555,36656,401,3799002787,196659,11499
Pasco,FL,539630,622.2,3.8,53788,262406,277224,109651,55952,53699,307874,150555,157319,122105,55899,66206,14844,6008,8836,166,1876119014,15408,425
Pinellas,FL,975280,3347.5,3.3,52226,467828,507452,157672,80316,77356,575967,279993,295974,241641,107519,134122,36697,13822,22875,279,4655026654,47604,2511
Polk,FL,708009,334.9,4.1,51354,346929,361080,156487,80214,76273,408380,200892,207488,143142,65823,77319,16058,6743,9315,145,1972592689,31940,1585
Putnam,FL,74163,102.2,4.8,39578,36699,37464,15875,8188,7687,41084,20290,20794,17204,8221,8983,1857,776,1081,10,731256077,5688,135
St. Johns,FL,254261,316.4,2.9,81925,124017,130244,55165,28120,27045,147616,71997,75619,51480,23900,27580,5574,2210,3364,47,746635692,12803,249
St. Lucie,FL,321128,485.7,4.4,53377,156975,164153,63294,32915,30379,180331,88021,92310,77503,36039,41464,9805,4200,5605,69,996892105,15488,1174
Santa Rosa,FL,179349,149.6,3.3,69541,91404,87945,39352,20195,19157,111352,57790,53562,28645,13419,15226,2533,1015,1518,16,6516154,9390,433
Sarasota,FL,426718,682.6,3.4,61652,203342,223376,60616,31149,29467,209593,100558,109035,156509,71635,84874,24207,10270,13937,118,3673429609,23181,2517
Seminole,FL,467832,1367,3.2,67187,226010,241822,98309,49761,48548,296990,145046,151944,72533,31203,41330,9435,3373,6062,38,2981861981,22383,450
Sumter,FL,128754,170.8,5.1,55324,64194,64560,9102,4618,4484,45506,24166,21340,74146,35410,38736,5574,2750,2824,0,0,11637,753
Suwannee,FL,44191,60.3,3.7,38525,22743,21448,9409,4807,4602,25340,13505,11835,9442,4431,5011,1157,429,728,0,0,7036,694
Taylor,FL,21623,21.6,3.8,42307,11798,9825,4357,2236,2121,12846,7477,5369,4420,2085,2335,429,180,249,6,0,269,0
Union,FL,14940,63.8,3.4,45906,9623,5317,2902,1492,1410,9801,6937,2864,2237,1194,1043,163,74,89,0,9693697,633,3
Volusia,FL,547538,449.2,3.7,50285,267217,280321,96836,49477,47359,316969,156625,160344,133733,61115,72618,16979,6658,10321,148,3212576735,27379,1249
Wakulla,FL,32461,50.8,3.1,58203,17327,15134,6945,3572,3373,20430,11275,9155,5086,2480,2606,402,153,249,0,0,1312,50
Walton,FL,71375,53,3.1,60973,36080,35295,14423,7300,7123,42275,21776,20499,14677,7004,7673,1340,562,778,28,278651455,3468,128
Washington,FL,24880,42.7,3.8,39225,13350,11530,4955,2479,2476,15562,8842,6720,4363,2029,2334,369,159,210,0,0,895,29
Appling,GA,18507,36,4.3,42781,9240,9267,4574,2316,2258,10744,5468,5276,3189,1456,1733,327,105,222,3,0,4147,369
Atkinson,GA,8297,24.7,3.5,36779,4188,4109,2183,1108,1075,4947,2515,2432,1167,565,602,88,42,46,0,0,873,52
Bacon,GA,11185,42.9,3.8,38775,5468,5717,2850,1409,1441,6541,3287,3254,1794,772,1022,155,40,115,4,0,2302,70
Baker,GA,3092,10.1,5.1,38288,1529,1563,598,296,302,1798,909,889,696,324,372,97,40,57,0,0,1417,122
Baldwin,GA,44823,177.3,5,42727,22742,22081,8411,4286,4125,29235,15094,14141,7177,3362,3815,735,326,409,12,0,11942,582
Banks,GA,18988,79.3,3.1,55384,9645,9343,4238,2251,1987,11429,5838,5591,3321,1556,1765,242,107,135,0,0,1950,3
Barrow,GA,80809,432.7,3.3,61413,39597,41212,20962,10661,10301,49789,24590,25199,10058,4346,5712,943,304,639,6,0,9874,353
Bartow,GA,106408,217.9,3.8,57409,52478,53930,25682,13140,12542,65810,32662,33148,14916,6676,8240,1377,485,892,21,0,20456,1654
Ben Hill,GA,16787,70.5,5.9,35020,7965,8822,4140,2072,2068,9708,4700,5008,2939,1193,1746,298,100,198,5,0,1890,18
Berrien,GA,19252,42.7,4.2,39412,9454,9798,4665,2349,2316,11295,5610,5685,3292,1495,1797,358,132,226,0,0,1083,0
Bibb,GA,153095,622.8,4.5,41390,71847,81248,37623,19230,18393,91596,42818,48778,23876,9799,14077,2871,880,1991,117,,16673,640
Bleckley,GA,12838,60.5,5.7,46019,6124,6714,2620,1368,1252,8055,3833,4222,2163,923,1240,306,101,205,0,0,1142,0
Brantley,GA,18897,41.6,4.5,41874,9312,9585,4437,2286,2151,11320,5597,5723,3140,1429,1711,273,105,168,0,0,1519,100
Brooks,GA,15513,32.9,3.9,36354,7569,7944,3380,1744,1636,9057,4461,4596,3076,1364,1712,248,103,145,0,0,2744,337
Bryan,GA,38109,69.3,3.4,79658,18795,19314,11160,5726,5434,22899,11236,11663,4050,1833,2217,374,132,242,0,0,2977,187
Bulloch,GA,77296,104.4,4.2,43766,37919,39377,15446,7755,7691,52990,26209,26781,8860,3955,4905,837,309,528,24,0,2127,93
Burke,GA,22423,28.2,6,42785,10682,11741,5842,2950,2892,13084,6223,6861,3497,1509,1988,324,115,209,0,0,4607,167
Butts,GA,24193,128.3,4,48831,12774,11419,5031,2493,2538,15400,8682,6718,3762,1599,2163,397,97,300,0,0,7806,601
Calhoun,GA,6352,23.9,4.3,33393,3830,2522,1111,561,550,4246,2832,1414,995,437,558,156,24,132,0,0,5357,225
Camden,GA,53677,82.4,4.2,56555,27469,26208,13088,6717,6371,33270,17368,15902,7319,3384,3935,550,223,327,5,0,2106,39
Candler,GA,10836,45.3,3.4,35841,5313,5523,2710,1393,1317,6174,3010,3164,1952,910,1042,174,54,120,6,0,461,0
Carroll,GA,118121,221.5,4,52502,57613,60508,28076,14469,13607,73965,36101,37864,16080,7043,9037,1461,447,1014,18,0,21292,845
Catoosa,GA,67420,394.3,3.4,55807,32610,34810,15433,7984,7449,40033,19519,20514,11954,5107,6847,1201,419,782,0,0,3114,0
Charlton,GA,12968,15.7,4.3,40499,7436,5532,2492,1212,1280,8404,5229,3175,2072,995,1077,228,95,133,0,0,867,21
Chatham,GA,289195,621.7,3.7,54165,138978,150217,61279,31140,30139,183438,88656,94782,44478,19182,25296,5239,1794,3445,78,3637930182,16056,655
Chattahoochee,GA,10684,45.3,5.6,46869,6843,3841,2337,1226,1111,7831,5382,2449,516,235,281,59,20,39,0,,811,0
Chattooga,GA,24790,83,4.1,39513,12680,12110,5555,2868,2687,14881,7872,7009,4354,1940,2414,518,162,356,0,0,840,89
Cherokee,GA,254149,508.3,3.1,82733,125168,128981,62093,31940,30153,156676,77392,79284,35380,15836,19544,2706,921,1785,15,522439361,29765,959
Clarke,GA,127330,979.1,4,42112,60322,67008,21989,11147,10842,91382,43387,47995,13959,5788,8171,1587,499,1088,104,0,9680,755
Clay,GA,2887,16.3,7.7,30239,1362,1525,588,301,287,1525,715,810,774,346,428,82,25,57,0,0,1422,123
Clayton,GA,289615,1832.5,4.9,46059,135554,154061,80559,40804,39755,182059,83369,98690,26997,11381,15616,1894,633,1261,34,3811207271,44749,1665
Clinch,GA,6648,8.5,4.6,37593,3232,3416,1693,877,816,3878,1869,2009,1077,486,591,80,38,42,0,0,1283,23
Cobb,GA,756865,2026.4,3.4,78603,366600,390265,178546,90237,88309,485542,235805,249737,92777,40558,52219,8948,3063,5885,119,2656884172,105069,5588
Coffee,GA,43093,73.7,4.5,39480,22140,20953,10534,5383,5151,26629,14181,12448,5930,2576,3354,549,194,355,10,0,8344,427
Colquitt,GA,45592,83.6,3.8,38633,22585,23007,11917,6146,5771,26621,13380,13241,7054,3059,3995,770,210,560,10,0,11863,508
Columbia,GA,154291,427.6,3.5,82184,75273,79018,39147,19799,19348,94311,46073,48238,20833,9401,11432,2025,667,1358,0,136091469,9067,207
Cook,GA,17162,75.8,3.8,38827,8268,8894,4301,2189,2112,10022,4811,5211,2839,1268,1571,266,79,187,0,0,1413,69
Coweta,GA,145864,288.8,3.4,70974,70983,74881,35765,18047,17718,89857,43830,46027,20242,9106,11136,1679,605,1074,19,0,13493,270
Crawford,GA,12318,38.9,4.2,48004,6214,6104,2537,1303,1234,7465,3860,3605,2316,1051,1265,156,56,100,0,0,924,0
Crisp,GA,22601,86,4.9,36096,10687,11914,5464,2768,2696,12920,6059,6861,4217,1860,2357,520,172,348,16,0,9029,232
Dade,GA,16226,95.6,3.6,48779,7971,8255,3119,1581,1538,9975,4971,5004,3132,1419,1713,316,118,198,0,0,862,59
Dawson,GA,25083,105.9,3.3,68835,12400,12683,5186,2650,2536,14852,7367,7485,5045,2383,2662,336,143,193,0,0,3802,64
Decatur,GA,26575,46.6,4.7,38441,12857,13718,6505,3272,3233,15763,7767,7996,4307,1818,2489,492,145,347,10,0,5302,106
DeKalb,GA,756558,2585.7,4,63477,357770,398788,174942,88769,86173,487496,230365,257131,94120,38636,55484,10321,3341,6980,168,6040597143,126455,3260
Dodge,GA,20705,44,5.2,35636,10787,9918,4012,2042,1970,12956,7103,5853,3737,1642,2095,393,130,263,6,0,1716,52
Dooly,GA,13706,38.1,4.6,37278,7451,6255,2356,1156,1200,8592,5014,3578,2758,1281,1477,284,101,183,0,0,6662,475
Dougherty,GA,91243,287.7,5.1,38806,41868,49375,21222,10817,10405,55994,25299,30695,14027,5752,8275,1710,536,1174,50,2613475577,89171,6685
Douglas,GA,145331,661.8,4.1,60512,69035,76296,37605,19140,18465,90952,42721,48231,16774,7174,9600,1333,442,891,8,894896804,19673,714
Early,GA,10247,21.5,4.6,34984,4782,5465,2573,1310,1263,5726,2659,3067,1948,813,1135,239,63,176,0,0,11449,1117
Echols,GA,4000,9.7,3.2,38667,2067,1933,1066,556,510,2413,1282,1131,521,229,292,60,31,29,0,,1244,0
Effingham,GA,62190,109.4,3.3,65793,30999,31191,16464,8522,7942,38504,19210,19294,7222,3267,3955,602,203,399,0,0,2264,57
Elbert,GA,19120,57.4,4.8,39681,9147,9973,4113,2074,2039,11008,5341,5667,3999,1732,2267,466,143,323,4,0,1872,0
Emanuel,GA,22612,33.2,5.9,37574,11130,11482,5584,2817,2767,13385,6773,6612,3643,1540,2103,370,111,259,8,0,1088,37
Evans,GA,10721,60.2,3.7,37319,5216,5505,2870,1471,1399,6133,2979,3154,1718,766,952,188,71,117,0,0,208,0
Fannin,GA,25964,61.2,3.9,43439,12610,13354,4310,2189,2121,13991,6735,7256,7663,3686,3977,730,288,442,5,0,1609,36
Fayette,GA,113459,548.3,3.5,95021,55009,58450,26093,13350,12743,66730,32276,34454,20636,9383,11253,2079,688,1391,37,0,10279,562
Floyd,GA,97927,188.9,4.3,44906,47307,50620,22702,11563,11139,58835,28651,30184,16390,7093,9297,1913,635,1278,65,0,9617,612
Forsyth,GA,236612,783.5,3.1,105921,117339,119273,64808,33165,31643,143383,71504,71879,28421,12670,15751,2386,893,1493,24,1,18079,506
Franklin,GA,23023,84.5,3.8,42904,11292,11731,5006,2562,2444,13641,6839,6802,4376,1891,2485,468,147,321,8,0,1277,32
Fulton,GA,1050114,1748,4,70808,508527,541587,229407,116526,112881,697977,340582,357395,122730,51419,71311,14296,4617,9679,538,5585337899,173233,7319
Gilmer,GA,30816,66.3,4.2,47757,15437,15379,5906,2964,2942,17259,8747,8512,7651,3726,3925,641,225,416,0,0,3968,2
Glascock,GA,2995,21.4,4.2,42820,1484,1511,651,358,293,1806,898,908,538,228,310,84,21,63,0,0,25,0
Glynn,GA,85219,189.7,3.7,53906,40136,45083,18521,9355,9166,49451,23268,26183,17247,7513,9734,1774,595,1179,24,0,3793,39
Gordon,GA,57685,155.1,3.8,49101,28429,29256,14047,7263,6784,35078,17384,17694,8560,3782,4778,825,286,539,8,0,5691,633
Grady,GA,24748,55,3.9,41002,11931,12817,6137,3121,3016,14099,6808,7291,4512,2002,2510,469,170,299,4,0,3464,157
Greene,GA,17698,41.3,4.2,54016,8521,9177,3302,1682,1620,9254,4369,4885,5142,2470,2672,411,128,283,0,0,2913,204
Gwinnett,GA,927781,1871.2,3.5,72008,452986,474795,249129,126337,122792,585388,285678,299710,93264,40971,52293,8037,2829,5208,82,1538743908,114277,4067
Habersham,GA,45388,155.5,3.7,51829,21450,23938,10191,5139,5052,26959,12525,14434,8238,3786,4452,818,308,510,4,0,15786,549
Hall,GA,202148,457.5,3.2,61631,100538,101610,51265,26417,24848,120777,60556,60221,30106,13565,16541,3165,1218,1947,85,1836408122,83026,1274
Hancock,GA,8348,20,6,31716,4593,3755,1294,686,608,5106,2998,2108,1948,909,1039,243,66,177,0,0,4763,308
Haralson,GA,29533,102,3.9,47662,14335,15198,7095,3512,3583,17665,8763,8902,4773,2060,2713,457,161,296,0,0,1661,77
Harris,GA,34475,69,3.4,74686,17245,17230,7334,3792,3542,20665,10370,10295,6476,3083,3393,574,182,392,0,0,3253,132
Hart,GA,26099,108.5,3.6,47171,12929,13170,5471,2868,2603,14989,7518,7471,5639,2543,3096,583,220,363,0,0,800,0
Heard,GA,11879,40,3.9,46218,5916,5963,2694,1407,1287,7111,3537,3574,2074,972,1102,201,74,127,0,0,808,79
Henry,GA,230220,633,4.1,72970,109748,120472,58952,30034,28918,144452,67950,76502,26816,11764,15052,2082,748,1334,40,222987116,28689,741
Houston,GA,155469,372.5,4,60728,75339,80130,39714,20315,19399,95993,46436,49557,19762,8588,11174,1909,668,1241,36,2863403,14015,769
Irwin,GA,9398,26.9,5.6,38156,4889,4509,1989,1024,965,5723,3137,2586,1686,728,958,240,67,173,0,0,1063,40
Jackson,GA,70422,178.1,3,68984,34706,35716,17895,9084,8811,42371,21131,21240,10156,4491,5665,832,267,565,0,171212695,5536,129
Jasper,GA,14040,37.8,3.5,51241,6866,7174,3340,1721,1619,8246,4044,4202,2454,1101,1353,233,82,151,0,0,1227,11
Jeff Davis,GA,15029,45.6,4.9,37211,7408,7621,3989,2060,1929,8673,4278,4395,2367,1070,1297,182,71,111,4,0,998,42
Jefferson,GA,15430,32.2,5.3,38274,7447,7983,3626,1844,1782,8985,4434,4551,2819,1169,1650,292,104,188,0,0,980,53
Jenkins,GA,8683,24,5.4,31419,4658,4025,1762,922,840,5463,3131,2332,1458,605,853,155,40,115,0,0,846,54
Johnson,GA,9708,32.9,4,34849,5441,4267,1826,903,923,6058,3687,2371,1824,851,973,244,83,161,0,0,2931,90
Jones,GA,28616,72.8,3.7,55737,13847,14769,6628,3386,3242,16940,8240,8700,5048,2221,2827,460,152,308,0,0,1461,0
Lamar,GA,19000,99.8,4.6,48323,9150,9850,3913,2008,1905,11864,5705,6159,3223,1437,1786,328,125,203,0,0,2115,38
Lanier,GA,10340,54.4,4.4,41564,5226,5114,2478,1263,1215,6406,3272,3134,1456,691,765,125,58,67,0,0,556,73
Laurens,GA,47325,60,4.8,42114,22395,24930,11713,5924,5789,27253,12989,14264,8359,3482,4877,1039,293,746,16,0,3889,52
Lee,GA,29764,79.5,3.6,66090,14924,14840,7765,4040,3725,18248,9135,9113,3751,1749,2002,296,80,216,0,0,18298,1157
Liberty,GA,61497,129.5,4.3,47685,31168,30329,17244,8800,8444,38564,19838,18726,5689,2530,3159,394,139,255,0,0,2369,0
Lincoln,GA,7915,38,5,46967,3836,4079,1511,763,748,4519,2208,2311,1885,865,1020,186,74,112,0,0,691,4
Long,GA,18998,36.1,4,46428,9583,9415,5141,2578,2563,12026,6150,5876,1831,855,976,207,75,132,0,0,320,11
Lowndes,GA,116321,220.2,4.1,41820,56320,60001,27869,14127,13742,74086,36157,37929,14366,6036,8330,1487,477,1010,48,0,9340,212
Lumpkin,GA,32955,105.9,3.6,55583,16335,16620,5798,2998,2800,21371,10643,10728,5786,2694,3092,494,186,308,0,0,3123,41
McDuffie,GA,21531,85,5.6,42768,10081,11450,5400,2694,2706,12354,5826,6528,3777,1561,2216,327,92,235,0,0,2568,211
McIntosh,GA,14340,33.8,4,42513,7001,7339,2316,1195,1121,8196,3998,4198,3828,1808,2020,367,162,205,0,0,398,2
Macon,GA,13143,36.8,6.2,32868,7203,5940,2462,1219,1243,8411,4949,3462,2270,1035,1235,190,73,117,0,0,3951,179
Madison,GA,29650,99.6,3.5,51338,14661,14989,6837,3571,3266,17781,8726,9055,5032,2364,2668,441,165,276,0,0,1474,63
Marion,GA,8351,23.9,5.1,39114,4112,4239,1775,868,907,4905,2459,2446,1671,785,886,129,57,72,0,0,1976,60
Meriwether,GA,21068,43.9,5,38886,10085,10983,4488,2266,2222,12290,5972,6318,4290,1847,2443,481,143,338,0,0,3163,42
Miller,GA,5686,21.7,3.7,42483,2725,2961,1294,673,621,3128,1512,1616,1264,540,724,192,67,125,0,0,1687,0
Mitchell,GA,22192,45.9,5.4,36788,11510,10682,5034,2614,2420,13544,7391,6153,3614,1505,2109,395,119,276,0,0,17138,1510
Monroe,GA,27520,66.8,3.7,59362,13723,13797,5633,2890,2743,16784,8486,8298,5103,2347,2756,595,168,427,0,0,2758,210
Montgomery,GA,9193,38.1,5.7,41834,4727,4466,1849,934,915,5769,3100,2669,1575,693,882,113,43,70,0,0,232,0
Morgan,GA,18853,51.4,3.6,57978,9068,9785,4295,2178,2117,10779,5198,5581,3779,1692,2087,374,143,231,0,0,1528,0
Murray,GA,39921,115,5.3,46810,19623,20298,9891,5049,4842,24099,11938,12161,5931,2636,3295,479,176,303,0,0,2358,31
Muscogee,GA,194160,877.5,5.1,46628,94349,99811,48112,24533,23579,120044,59252,60792,26004,10564,15440,3209,991,2218,61,22,19158,533
Newton,GA,109541,367.3,4.5,56598,51731,57810,28413,14520,13893,66867,31141,35726,14261,6070,8191,1336,401,935,10,0,11931,394
Oconee,GA,39272,178,3,99497,19271,20001,10505,5380,5125,22812,11095,11717,5955,2796,3159,600,238,362,0,0,3962,74
Oglethorpe,GA,15054,33.9,3.7,51105,7439,7615,3148,1608,1540,9068,4536,4532,2838,1295,1543,290,96,194,0,0,2439,187
Paulding,GA,164044,455.8,3.4,73309,79857,84187,42844,21666,21178,103806,50735,53071,17394,7456,9938,1342,429,913,8,223717077,11223,439
Peach,GA,27297,184.3,5.1,46525,13158,14139,5700,2893,2807,17230,8371,8859,4367,1894,2473,401,151,250,0,0,2922,138
Pickens,GA,31980,126.8,3.5,65062,15696,16284,6500,3312,3188,18476,9078,9398,7004,3306,3698,559,214,345,6,0,1639,143
Pierce,GA,19389,59.3,3.8,44389,9586,9803,4807,2477,2330,11280,5617,5663,3302,1492,1810,304,111,193,0,0,3579,152
Pike,GA,18634,82.7,3.6,66901,9164,9470,4359,2259,2100,11306,5543,5763,2969,1362,1607,280,82,198,0,0,2126,89
Polk,GA,42470,133.6,4.2,43679,20992,21478,10778,5489,5289,25117,12618,12499,6575,2885,3690,654,220,434,0,0,3560,6
Pulaski,GA,11069,48.2,4.3,40582,4774,6295,2025,1029,996,6541,2630,3911,2503,1115,1388,270,86,184,6,0,1561,64
Putnam,GA,21809,61.6,5,51205,10643,11166,4348,2176,2172,12215,5934,6281,5246,2533,2713,436,186,250,0,0,2640,251
Quitman,GA,2279,16.6,5.5,33908,1090,1189,405,195,210,1163,569,594,711,326,385,74,32,42,0,,342,47
Rabun,GA,16867,44,4,44213,8295,8572,2858,1441,1417,9346,4679,4667,4663,2175,2488,446,164,282,0,0,673,31
Randolph,GA,6833,18,5.9,28298,3157,3676,1387,713,674,3814,1769,2045,1632,675,957,275,73,202,0,0,8571,913
Richmond,GA,201554,618.4,5.1,40168,97624,103930,46063,23716,22347,127149,62066,65083,28342,11842,16500,3015,990,2025,264,0,21682,776
Rockdale,GA,90594,656.5,4.4,59673,42596,47998,22370,11265,11105,55165,25602,29563,13059,5729,7330,1250,459,791,16,173859847,11253,370
Schley,GA,5236,30,4.7,45378,2484,2752,1309,664,645,3030,1416,1614,897,404,493,88,29,59,0,0,865,56
Screven,GA,13938,22.6,5.4,39048,6902,7036,2935,1610,1325,8381,4116,4265,2622,1176,1446,254,93,161,0,0,1021,58
Seminole,GA,8315,37.1,5.3,36869,3981,4334,1728,873,855,4669,2225,2444,1918,883,1035,249,83,166,0,0,1777,94
Spalding,GA,66100,326.1,4.7,43510,31749,34351,15558,7915,7643,38739,18737,20002,11803,5097,6706,1186,397,789,22,0,10783,602
Stephens,GA,26035,146.1,4.5,45850,12508,13527,5787,2922,2865,15196,7290,7906,5052,2296,2756,437,151,286,6,543648401,4315,61
Stewart,GA,6199,13.2,4.7,33053,4094,2105,749,390,359,4486,3293,1193,964,411,553,154,61,93,0,0,1477,4
Sumter,GA,29733,68,5.9,37562,13967,15766,6728,3344,3384,18026,8517,9509,4979,2106,2873,531,171,360,10,0,20716,1537
Talbot,GA,6272,17.5,5,37265,3002,3270,1016,502,514,3727,1793,1934,1529,707,822,134,41,93,0,0,1338,55
Taliaferro,GA,1608,8.8,5.1,34090,796,812,272,138,134,913,474,439,423,184,239,69,12,57,0,0,29,0
Tattnall,GA,25391,53.2,4.2,41440,14640,10751,5146,2674,2472,16616,10381,6235,3629,1585,2044,329,95,234,0,0,565,0
Taylor,GA,8039,23.6,6.5,36310,3842,4197,1632,817,815,4781,2336,2445,1626,689,937,176,61,115,0,0,929,111
Telfair,GA,15876,37.7,6.8,34297,9284,6592,2537,1277,1260,10466,6749,3717,2873,1258,1615,428,137,291,0,0,1330,19
Terrell,GA,8611,27.8,6.6,35290,4122,4489,1987,1003,984,4916,2410,2506,1708,709,999,179,51,128,0,0,10048,1102
Thomas,GA,44448,82.1,4.7,41642,21047,23401,10534,5373,5161,25783,12227,13556,8131,3447,4684,885,303,582,35,0,11472,1109
Tift,GA,40571,154.9,4,45680,19622,20949,10020,5133,4887,24514,11952,12562,6037,2537,3500,688,208,480,20,0,7953,393
Toombs,GA,26887,74.8,5.8,37148,12781,14106,7113,3661,3452,15375,7293,8082,4399,1827,2572,498,138,360,8,0,1875,169
Towns,GA,11852,62.9,5.5,45853,5658,6194,1507,771,736,6252,3017,3235,4093,1870,2223,473,189,284,0,0,954,34
Treutlen,GA,6809,34.5,5.8,35069,3386,3423,1543,734,809,4011,2123,1888,1255,529,726,156,50,106,0,0,241,0
Troup,GA,70034,161.9,3.7,45234,33785,36249,16957,8742,8215,42683,20600,22083,10394,4443,5951,1277,387,890,20,0,9128,310
Turner,GA,7912,31.3,5.1,33261,3844,4068,1912,951,961,4428,2237,2191,1572,656,916,196,59,137,0,0,3970,434
Twiggs,GA,8188,25.2,5.9,42054,4017,4171,1583,785,798,4743,2388,2355,1862,844,1018,133,45,88,0,0,461,1
Union,GA,24001,66.3,3.6,45943,11619,12382,3805,1929,1876,12273,5952,6321,7923,3738,4185,801,311,490,5,0,1545,57
Upson,GA,26215,84,4.4,40965,12447,13768,5823,2890,2933,15549,7457,8092,4843,2100,2743,520,170,350,28,0,11580,1070
Walker,GA,69410,154,3.9,43767,34154,35256,15094,7816,7278,41440,20719,20721,12876,5619,7257,1472,517,955,0,209501162,3264,0
Walton,GA,93503,257.2,3.6,65416,45507,47996,23085,11820,11265,55930,27217,28713,14488,6470,8018,1453,483,970,7,0,7178,318
Ware,GA,35680,40.7,3.9,38357,17853,17827,8564,4410,4154,20949,10903,10046,6167,2540,3627,851,248,603,22,0,7606,553
Warren,GA,5251,20.5,5,38352,2488,2763,1065,517,548,2995,1463,1532,1191,508,683,154,40,114,0,0,743,0
Washington,GA,20386,31.2,5,39444,10399,9987,4398,2273,2125,12448,6669,5779,3540,1457,2083,439,112,327,0,0,2616,46
Wayne,GA,29808,46.9,4.6,44607,15284,14524,7274,3744,3530,17812,9374,8438,4722,2166,2556,467,197,270,12,888525913,648,0
Webster,GA,2611,13.4,6.3,38187,1303,1308,508,250,258,1486,736,750,617,317,300,93,48,45,0,,481,53
Wheeler,GA,7879,25.1,7.4,32691,5095,2784,1342,681,661,5385,3876,1509,1152,538,614,142,46,96,0,0,314,0
White,GA,29970,112.8,3,51579,14619,15351,5931,3001,2930,17149,8461,8688,6890,3157,3733,636,261,375,0,0,3442,60
Whitfield,GA,104062,353.2,4.7,47074,51848,52214,26870,13714,13156,62572,31592,30980,14620,6542,8078,1641,552,1089,34,0,7674,287
Wilcox,GA,8812,24.5,5.2,35961,5264,3548,1673,896,777,5548,3631,1917,1591,737,854,204,64,140,0,0,4054,449
Wilkes,GA,9876,22.6,4.6,39361,4741,5135,2088,1084,1004,5506,2682,2824,2282,975,1307,305,94,211,0,0,1276,19
Wilkinson,GA,9036,21.4,4.4,41036,4323,4713,2053,1033,1020,5232,2552,2680,1751,738,1013,192,61,131,0,0,2030,128
Worth,GA,20299,38,4.4,48708,9752,10547,4540,2284,2256,11887,5773,6114,3872,1695,2177,372,113,259,0,0,9026,677
Hawaii,HI,200983,45.9,3,56383,99602,101381,43553,22228,21325,115398,56924,58474,42032,20450,21582,5070,1896,3174,24,1094997954,3876,0
Honolulu,HI,980080,1586.7,2.3,83695,492574,487506,207765,106542,101223,598522,309334,289188,173793,76698,97095,30152,10681,19471,148,5477614273,24187,522
Kauai,HI,72133,108.2,2.5,73981,35607,36526,15749,8073,7676,41845,20837,21008,14539,6697,7842,2033,696,1337,9,0,1306,0
Maui,HI,167207,133.3,2.4,78503,83178,84029,36347,18704,17643,100294,50092,50202,30566,14382,16184,3775,1384,2391,20,2575335328,6331,274
Idaho,ID,16513,1.9,4.7,40569,8664,7849,3259,1697,1562,8648,4553,4095,4606,2414,2192,500,234,266,0,0,185,0
Ada,ID,469966,372.8,2.5,66827,235266,234700,111737,56829,54908,290437,147331,143106,67792,31106,36686,7189,2731,4458,105,58498447,40601,930
Adams,ID,4250,2.9,5.5,45311,2211,2039,754,413,341,2275,1142,1133,1221,656,565,100,40,60,0,0,146,0
Bannock,ID,87138,74.5,2.7,51300,43328,43810,22849,11573,11276,51889,25944,25945,12400,5811,6589,1316,509,807,20,3482687091,732,0
Bear Lake,ID,6050,6.1,2.9,53780,3017,3033,1617,809,808,3185,1611,1574,1248,597,651,150,72,78,0,0,,
Benewah,ID,9226,12,4.6,48451,4718,4508,2084,1091,993,5069,2560,2509,2073,1067,1006,158,72,86,0,11007338,44,0
Bingham,ID,46236,21.8,2.7,50941,23036,23200,14233,7200,7033,25408,12696,12712,6595,3140,3455,734,300,434,5,197799318,253,0
Blaine,ID,22601,8.1,2.4,76113,11456,11145,4990,2590,2400,13176,6661,6515,4435,2205,2230,334,151,183,0,3389131793,30243,298
Boise,ID,7634,3.7,4.2,56837,3975,3659,1291,712,579,4424,2195,2229,1919,1068,851,130,64,66,0,0,,
Bonner,ID,44727,23.6,4.1,51373,22306,22421,8813,4417,4396,24941,12326,12615,10973,5563,5410,972,398,574,4,589021654,236,0
Bonneville,ID,116854,55.9,2.4,60444,58375,58479,35940,18380,17560,65371,32808,32563,15543,7187,8356,1800,693,1107,35,2385499288,1570,0
Boundary,ID,11948,8.6,4.4,47118,6005,5943,2761,1406,1355,6496,3237,3259,2691,1362,1329,274,101,173,0,0,,
Butte,ID,2611,1.3,3.2,50050,1318,1293,626,310,316,1373,692,681,612,316,296,71,25,46,0,0,,
Camas,ID,1127,1,2.3,53866,570,557,263,119,144,611,319,292,253,132,121,29,9,20,0,0,62,0
Canyon,ID,223499,321.6,3.1,53381,110725,112774,63627,32358,31269,129110,64136,64974,30762,14231,16531,2998,1117,1881,41,1800541871,14012,332
Caribou,ID,7060,3.9,2.8,61219,3610,3450,2020,1051,969,3806,1982,1824,1234,577,657,146,58,88,0,0,58,0
Cassia,ID,23864,8.9,2.2,51804,12155,11709,7572,3914,3658,12901,6665,6236,3391,1576,1815,417,140,277,6,0,1064,62
Clark,ID,852,0.6,3,48471,432,420,198,95,103,503,258,245,151,79,72,19,11,8,0,0,,
Clearwater,ID,8758,3.6,6.7,46417,4818,3940,1457,817,640,4912,2738,2174,2389,1263,1126,259,101,158,0,0,,
Custer,ID,4280,0.9,4,47682,2196,2084,743,377,366,2294,1172,1122,1243,647,596,112,47,65,0,0,129,0
Elmore,ID,27259,8.8,3.3,49344,14290,12969,6954,3589,3365,16631,8926,7705,3674,1775,1899,345,146,199,0,0,1561,79
Franklin,ID,13726,19.3,2.1,58170,7022,6704,4380,2302,2078,7403,3758,3645,1943,962,981,239,97,142,0,541043979,5,0
Fremont,ID,13168,7.1,2.4,51155,6888,6280,3390,1750,1640,7565,4026,3539,2213,1112,1101,220,102,118,0,0,152,0
Gem,ID,17634,29.8,3.4,49857,8813,8821,4029,2112,1917,9742,4804,4938,3863,1897,1966,394,161,233,0,0,787,0
Gooding,ID,15196,21.2,2.4,51302,7736,7460,4174,2106,2068,8395,4348,4047,2627,1282,1345,362,159,203,0,0,1016,0
Jefferson,ID,29439,23.9,2.3,61927,14952,14487,10040,5081,4959,16014,8222,7792,3385,1649,1736,342,133,209,0,0,341,0
Jerome,ID,24015,37.5,2.5,54020,12241,11774,7394,3702,3692,13504,7054,6450,3117,1485,1632,304,119,185,0,0,4225,107
Kootenai,ID,161505,111.3,3.5,56188,79774,81731,36824,18991,17833,94011,46479,47532,30670,14304,16366,3127,1203,1924,55,1569144086,3605,0
Latah,ID,40134,34.6,2.5,49538,20398,19736,7624,3821,3803,27104,13986,13118,5406,2591,2815,612,224,388,0,0,275,0
Lemhi,ID,7961,1.7,4.5,44248,4030,3931,1488,781,707,4064,2010,2054,2409,1239,1170,278,124,154,0,0,37,0
Lewis,ID,3861,8,5.5,44911,1963,1898,874,466,408,1969,977,992,1018,520,498,118,51,67,0,0,,
Lincoln,ID,5360,4.3,3.4,50464,2780,2580,1549,804,745,3053,1582,1471,758,394,364,91,46,45,0,0,1409,0
Madison,ID,39304,80,1.7,41827,19890,19414,10565,5381,5184,26001,13236,12765,2738,1273,1465,296,116,180,4,0,805,0
Minidoka,ID,20825,26.5,2.5,53447,10433,10392,5905,2970,2935,11533,5869,5664,3387,1594,1793,465,182,283,0,0,914,0
Nez Perce,ID,40408,46.3,2.8,54476,19961,20447,8568,4393,4175,23779,11871,11908,8061,3697,4364,1155,451,704,9,1298288049,3426,846
Oneida,ID,4488,3.6,2.2,52602,2254,2234,1269,654,615,2307,1166,1141,912,434,478,131,49,82,0,0,,
Owyhee,ID,11693,1.5,3.6,48192,5965,5728,3040,1545,1495,6571,3372,3199,2082,1048,1034,209,95,114,0,0,395,0
Payette,ID,23551,55.6,3.6,51835,11755,11796,6171,3193,2978,13049,6483,6566,4331,2079,2252,432,203,229,0,199128855,908,80
Power,ID,7768,5.6,2.9,51921,3952,3816,2427,1233,1194,4142,2137,2005,1199,582,617,129,56,73,0,0,136,0
Shoshone,ID,12796,4.9,5.7,36085,6422,6374,2630,1338,1292,7243,3659,3584,2923,1425,1498,293,98,195,0,0,,
Teton,ID,11640,22.6,2.2,68749,6111,5529,2863,1471,1392,7320,3864,3456,1457,776,681,116,51,65,0,0,557,0
Twin Falls,ID,86081,40.2,2.7,51594,42488,43593,23677,11984,11693,49152,24517,24635,13252,5987,7265,1591,572,1019,30,0,12708,664
Valley,ID,11041,2.7,3.8,60285,5720,5321,2000,1027,973,6269,3201,3068,2772,1492,1280,196,93,103,0,0,136,0
Washington,ID,10161,7,4.1,43402,5058,5103,2303,1147,1156,5304,2629,2675,2554,1282,1272,266,102,164,0,0,619,0
Adams,IL,65691,78.5,3.9,55174,32308,33383,14779,7627,7152,37622,18692,18930,13290,5989,7301,2351,924,1427,25,1865391129,2023,31
Alexander,IL,6060,35,7.9,35249,2932,3128,1398,692,706,3334,1642,1692,1328,598,730,168,56,112,0,0,249,0
Bond,IL,16630,46.7,4.4,54800,8645,7985,3234,1652,1582,10310,5613,4697,3086,1380,1706,434,135,299,0,0,421,46
Boone,IL,53577,193,5.8,74507,26785,26792,13283,6842,6441,31810,16037,15773,8484,3906,4578,919,323,596,0,0,9671,519
Brown,IL,6556,22.7,2.7,55327,4245,2311,1041,541,500,4602,3281,1321,913,423,490,131,55,76,0,0,247,0
Bureau,IL,32993,40.2,5,56099,16199,16794,7078,3588,3490,18684,9364,9320,7231,3247,3984,1134,384,750,9,650953248,630,27
Calhoun,IL,4802,20,5.3,56099,2393,2409,991,495,496,2690,1376,1314,1121,522,599,144,45,99,0,0,57,0
Carroll,IL,14312,34.6,4.5,51963,7137,7175,2773,1413,1360,7888,3994,3894,3651,1730,1921,503,185,318,0,0,560,104
Cass,IL,12260,36.3,4.5,52486,6192,6068,2918,1557,1361,7154,3667,3487,2188,968,1220,314,104,210,0,0,2056,0
Champaign,IL,209983,201.8,4.4,53251,104634,105349,39434,20113,19321,143619,72570,71049,26930,11951,14979,3724,1326,2398,51,6589586572,14718,289
Christian,IL,32661,49.1,5.3,52936,16620,16041,6610,3379,3231,19540,10409,9131,6511,2832,3679,985,323,662,0,0,1745,280
Clark,IL,15596,32.6,5.2,54092,7745,7851,3540,1864,1676,8959,4529,4430,3097,1352,1745,441,119,322,0,0,368,0
Clay,IL,13253,29.5,5.3,45427,6564,6689,3040,1562,1478,7520,3798,3722,2693,1204,1489,365,123,242,0,0,89,0
Clinton,IL,37639,79.7,3.6,66597,19499,18140,7952,4125,3827,23204,12446,10758,6483,2928,3555,962,340,622,4,23699993,6039,392
Coles,IL,50885,106,4.8,47291,24678,26207,9202,4748,4454,33074,16205,16869,8609,3725,4884,1238,393,845,9,491229716,2490,174
Cook,IL,5180493,5495.1,4,63347,2516081,2664412,1129672,574777,554895,3292654,1621114,1671540,758167,320190,437977,104366,34606,69760,1606,7341462681,2454349,106810
Crawford,IL,18807,44.7,5.4,52313,9832,8975,3741,1868,1873,11509,6404,5105,3557,1560,1997,479,150,329,0,0,493,0
Cumberland,IL,10808,31.9,4,60572,5376,5432,2396,1225,1171,6295,3188,3107,2117,963,1154,309,103,206,0,0,300,0
DeKalb,IL,104143,166.6,4.4,63274,51577,52566,22292,11336,10956,68679,34343,34336,13172,5898,7274,1663,578,1085,16,2830038749,9059,97
De Witt,IL,15769,41.7,5.1,55300,7804,7965,3368,1696,1672,9370,4769,4601,3031,1339,1692,374,134,240,0,0,164,0
Douglas,IL,19479,48,4.1,56976,9620,9859,4848,2470,2378,11107,5575,5532,3524,1575,1949,489,178,311,0,0,1069,0
DuPage,IL,928589,2799.8,3.1,93540,456211,472378,210552,107682,102870,574099,284868,289231,143938,63661,80277,18706,6120,12586,257,3476983156,223163,11086
Edgar,IL,17360,29.8,4.7,51577,8510,8850,3540,1804,1736,10043,5055,4988,3777,1651,2126,538,179,359,0,0,3,0
Edwards,IL,6392,30.2,4.5,51280,3149,3243,1433,735,698,3584,1822,1762,1375,592,783,196,65,131,0,0,38,0
Effingham,IL,34208,71.5,3.7,60773,17043,17165,8104,4126,3978,20061,10263,9798,6043,2654,3389,837,275,562,10,1069988503,281,53
Fayette,IL,21416,30.9,5.3,47484,11304,10112,4517,2314,2203,12833,7137,5696,4066,1853,2213,569,216,353,4,0,882,96
Ford,IL,13264,29,4.8,55357,6556,6708,3037,1589,1448,7740,3897,3843,2487,1070,1417,458,119,339,2,0,642,55
Franklin,IL,38701,96.8,6.1,42071,19092,19609,8612,4521,4091,22157,11052,11105,7932,3519,4413,951,317,634,0,0,478,0
Fulton,IL,34844,42.8,6.2,51258,18133,16711,6892,3492,3400,20765,11418,9347,7187,3223,3964,1048,359,689,5,0,249,2
Gallatin,IL,5058,17.3,5.8,43330,2470,2588,1054,533,521,2826,1412,1414,1178,525,653,99,34,65,0,0,105,0
Greene,IL,13044,25.6,4.9,47314,6566,6478,2774,1408,1366,7719,4019,3700,2551,1139,1412,333,129,204,0,0,163,0
Grundy,IL,50972,119.8,4.7,79348,25422,25550,12902,6672,6230,30897,15501,15396,7173,3249,3924,791,245,546,8,0,2818,36
Hamilton,IL,8163,19.5,4.4,53028,3992,4171,1794,897,897,4586,2309,2277,1783,786,997,241,53,188,0,0,86,0
Hancock,IL,17844,24.1,4.7,53553,8850,8994,3734,1915,1819,9976,5087,4889,4134,1848,2286,592,204,388,0,0,446,0
Hardin,IL,3910,24.3,7.8,41713,1984,1926,710,365,345,2195,1113,1082,1005,506,499,101,52,49,0,0,41,0
Henderson,IL,6709,19.3,5,53632,3276,3433,1215,612,603,3808,1895,1913,1686,769,917,241,77,164,0,6106119,255,0
Henry,IL,49090,61.3,5,58042,24469,24621,10977,5732,5245,28132,14176,13956,9981,4561,5420,1344,465,879,3,1133903761,2638,0
Iroquois,IL,27604,26.6,4.5,55247,13561,14043,5964,3014,2950,15688,7853,7835,5952,2694,3258,885,303,582,0,15118916,3473,84
Jackson,IL,57419,103.1,4.6,41445,28550,28869,10473,5374,5099,37929,19202,18727,9017,3974,5043,1321,445,876,21,3365611154,7065,419
Jasper,IL,9611,19.6,4.9,54552,4808,4803,2210,1129,1081,5539,2804,2735,1862,875,987,283,110,173,0,0,1908,235
Jefferson,IL,37820,68,5.3,47425,19447,18373,8372,4274,4098,22209,11885,10324,7239,3288,3951,953,314,639,22,0,3870,538
Jersey,IL,21847,62.2,4.9,59117,10677,11170,4455,2232,2223,13132,6530,6602,4260,1915,2345,550,188,362,4,0,765,37
Jo Daviess,IL,21366,37.7,4.4,56832,10692,10674,4017,2106,1911,11345,5722,5623,6004,2864,3140,692,253,439,0,21330478,941,1
Johnson,IL,12456,36.6,7.8,53884,6797,5659,2303,1176,1127,7477,4320,3157,2676,1301,1375,283,113,170,0,0,229,0
Kane,IL,534216,990.8,4.9,79834,266050,268166,136009,69492,66517,325198,163746,161452,73009,32812,40197,8198,2872,5326,103,3061182807,147749,4383
Kankakee,IL,110024,167.7,5.4,53884,54154,55870,25023,12764,12259,66451,32971,33480,18550,8419,10131,2655,1096,1559,56,384137323,31685,1662
Kendall,IL,127915,358.2,3.5,93345,63410,64505,36412,18693,17719,78381,38923,39458,13122,5794,7328,1304,450,854,0,239536451,20903,646
Knox,IL,50112,73.9,5.3,44553,25273,24839,9837,5060,4777,29455,15390,14065,10820,4823,5997,1551,534,1017,18,371355059,2826,0
Lake,IL,700832,1585.6,4.5,87336,350273,350559,168886,86216,82670,432136,218761,213375,99810,45296,54514,12651,4553,8098,108,3366774173,249928,8468
LaSalle,IL,109430,100.4,5.8,54063,55226,54204,23563,12047,11516,65150,33820,31330,20717,9359,11358,3052,1038,2014,13,125870694,4337,253
Lawrence,IL,15765,45.2,5.9,43767,8836,6929,2946,1531,1415,10071,6115,3956,2748,1190,1558,387,130,257,0,0,171,0
Lee,IL,34223,49.7,4.4,54915,18173,16050,6740,3418,3322,20775,11608,9167,6708,3147,3561,941,330,611,6,0,2379,18
Livingston,IL,35761,37.3,4.4,59323,17935,17826,7672,4015,3657,21221,10878,10343,6868,3042,3826,1151,379,772,5,1659196493,1295,53
Logan,IL,28925,49,4.7,52959,14685,14240,5599,2880,2719,18041,9533,8508,5285,2272,3013,832,273,559,0,1590376368,389,0
McDonough,IL,29955,55.3,5.1,42887,14674,15281,5116,2573,2543,19555,9783,9772,5284,2318,2966,855,248,607,7,4486444675,1995,108
McHenry,IL,308570,511.9,3.5,86268,153614,154956,72396,37045,35351,191150,96103,95047,45024,20466,24558,4676,1637,3039,33,1784840948,44825,2222
McLean,IL,172828,143.3,4.2,67087,83968,88860,37136,18771,18365,112832,55072,57760,22860,10125,12735,3054,1030,2024,30,5074566282,7206,282
Macon,IL,104712,190.8,5.6,50684,50158,54554,23150,11864,11286,60602,29121,31481,20960,9173,11787,3166,1050,2116,65,3707096389,6466,660
Macoupin,IL,45313,55.4,4.9,53409,22409,22904,9644,5021,4623,26663,13352,13311,9006,4036,4970,1247,433,814,0,346404725,1739,31
Madison,IL,264461,376.3,4.5,60121,128768,135693,57756,29727,28029,161220,79431,81789,45485,19610,25875,6157,2001,4156,58,3911368383,19374,1470
Marion,IL,37620,68.9,4.9,46096,18393,19227,8738,4442,4296,21474,10662,10812,7408,3289,4119,1066,379,687,9,1064652031,1886,0
Marshall,IL,11534,32.7,5.2,57422,5725,5809,2301,1182,1119,6527,3312,3215,2706,1231,1475,405,148,257,0,0,220,0
Mason,IL,13565,27.2,6,48764,6689,6876,2819,1389,1430,7735,3911,3824,3011,1389,1622,425,124,301,0,0,612,0
Massac,IL,14080,65,7,43783,6743,7337,3108,1546,1562,8015,3909,4106,2957,1288,1669,499,174,325,0,0,262,0
Menard,IL,12288,40.4,4,74872,5989,6299,2701,1355,1346,7209,3566,3643,2378,1068,1310,311,109,202,0,0,609,0
Mercer,IL,15601,29.3,5.3,58384,7792,7809,3338,1661,1677,8883,4533,4350,3380,1598,1782,483,197,286,0,0,517,0
Monroe,IL,34335,85.6,3.5,88481,17058,17277,7588,3891,3697,20647,10367,10280,6100,2800,3300,912,321,591,0,1501588926,3917,478
Montgomery,IL,28601,42.8,5.9,53138,14983,13618,5739,2897,2842,17098,9509,7589,5764,2577,3187,941,304,637,0,0,1469,3
Morgan,IL,33976,62.5,4.4,48976,17247,16729,6408,3313,3095,20769,10969,9800,6799,2965,3834,1001,301,700,9,0,1350,63
Moultrie,IL,14717,44.2,3.8,59901,7204,7513,3739,1912,1827,8196,4079,4117,2782,1213,1569,472,142,330,0,0,306,0
Ogle,IL,50923,70.5,5,61794,25292,25631,11420,5779,5641,29956,15119,14837,9547,4394,5153,1170,406,764,4,0,6610,90
Peoria,IL,180621,301.2,5.5,56478,87517,93104,42619,21904,20715,107186,52180,55006,30816,13433,17383,4274,1386,2888,107,359857367,6028,226
Perry,IL,21174,50.6,6,49965,11659,9515,4105,2094,2011,13124,7789,5335,3945,1776,2169,510,163,347,0,998883049,1267,0
Piatt,IL,16396,38.1,4.3,67460,8125,8271,3697,1889,1808,9525,4762,4763,3174,1474,1700,387,161,226,0,0,433,0
Pike,IL,15611,19.8,4.8,47815,7829,7782,3486,1822,1664,8854,4540,4314,3271,1467,1804,486,142,344,0,0,58,0
Pope,IL,4212,12.1,6.1,43053,2178,2034,511,292,219,2523,1299,1224,1178,587,591,146,56,90,0,0,24,0
Pulaski,IL,5463,30.9,8.2,38400,2655,2808,1179,579,600,3060,1515,1545,1224,561,663,148,66,82,0,59286919,1288,0
Putnam,IL,5740,37.5,5.2,66319,2923,2817,1151,602,549,3291,1698,1593,1298,623,675,123,41,82,0,0,18,0
Randolph,IL,32106,58.2,4.4,53607,17656,14450,6203,3150,3053,19931,11889,8042,5972,2617,3355,936,300,636,0,0,8810,97
Richland,IL,15763,45.1,4.7,48152,7799,7964,3668,1902,1766,8867,4466,4401,3228,1431,1797,561,184,377,8,0,138,0
Rock Island,IL,143477,345,5.2,52642,70680,72797,31963,16409,15554,83842,42114,41728,27672,12157,15515,3791,1273,2518,58,5758952437,22626,704
St. Clair,IL,261059,410.6,5,58222,125939,135120,61073,31369,29704,158725,76802,81923,41261,17768,23493,5593,1838,3755,42,5990829165,33748,2427
Saline,IL,23906,65.6,6.5,40761,11799,12107,5180,2766,2414,13881,6885,6996,4845,2148,2697,636,223,413,0,0,250,0
Sangamon,IL,195348,227.4,4.3,62242,93741,101607,43347,22214,21133,117114,56671,60443,34887,14856,20031,4560,1421,3139,99,3802035873,11131,882
Schuyler,IL,6907,17.3,4.5,52018,3624,3283,1255,618,637,4078,2258,1820,1574,748,826,211,73,138,0,0,243,0
Scott,IL,4926,21.3,5.4,55198,2434,2492,1063,562,501,2884,1440,1444,979,432,547,134,42,92,0,0,,
Shelby,IL,21741,29.5,4.3,56509,10815,10926,4642,2399,2243,12202,6145,6057,4897,2271,2626,701,257,444,0,0,528,33
Stark,IL,5427,20.8,6.3,52651,2687,2740,1167,560,607,3050,1560,1490,1210,567,643,161,46,115,0,0,78,0
Stephenson,IL,44753,84.5,4.8,47357,21756,22997,9559,4843,4716,25022,12409,12613,10172,4504,5668,1606,521,1085,8,0,4501,26
Tazewell,IL,132328,208.6,4.9,61508,65040,67288,29995,15177,14818,77502,38911,38591,24831,10952,13879,3591,1244,2347,8,1349301371,2598,184
Union,IL,16841,43.1,6.5,49716,8439,8402,3540,1794,1746,9704,4961,4743,3597,1684,1913,430,156,274,0,0,3166,115
Vermilion,IL,76806,90.9,6.2,44638,38221,38585,18090,9281,8809,43860,22294,21566,14856,6646,8210,1933,709,1224,12,2101054152,1179,33
Wabash,IL,11549,53.5,4.5,53414,5824,5725,2605,1394,1211,6557,3329,3228,2387,1101,1286,375,128,247,4,0,69,0
Warren,IL,17032,32.6,4.2,53532,8397,8635,3734,1912,1822,9971,4996,4975,3327,1489,1838,427,127,300,0,0,3643,0
Washington,IL,13995,26.2,3,66937,6988,7007,2993,1489,1504,8187,4167,4020,2815,1332,1483,417,169,248,0,128546856,654,0
Wayne,IL,16332,23.5,5.6,50471,8036,8296,3708,1847,1861,9107,4592,4515,3517,1597,1920,452,158,294,4,0,222,18
White,IL,13665,29.6,4.3,49507,6732,6933,2988,1521,1467,7724,3894,3830,2953,1317,1636,452,164,288,0,0,76,0
Whiteside,IL,55626,85.5,4.6,57197,27568,28058,12200,6307,5893,31826,16021,15805,11600,5240,6360,1716,583,1133,9,22070682,4752,350
Will,IL,692310,809.6,4,86108,343551,348759,172143,87894,84249,429761,215320,214441,90406,40337,50069,9809,3351,6458,92,1892569214,175618,9407
Williamson,IL,67056,157.9,5.1,46187,33319,33737,14649,7503,7146,39694,20178,19516,12713,5638,7075,1408,499,909,26,0,1948,28
Winnebago,IL,284081,575.2,5.7,53795,138635,145446,66490,33960,32530,167772,82600,85172,49819,22075,27744,6493,2202,4291,87,2876250967,47598,1431
Woodford,IL,38463,73.3,4.1,72247,19189,19274,9248,4861,4387,22255,11168,11087,6960,3160,3800,1140,382,758,0,0,808,53
Adams,IN,35636,101.4,2.6,56693,17804,17832,11154,5768,5386,18958,9602,9356,5524,2434,3090,904,311,593,4,0,482,50
Allen,IN,375351,540.6,3.2,54473,183463,191888,96407,49269,47138,224226,110263,113963,54718,23931,30787,7008,2279,4729,170,2629948703,39210,2623
Bartholomew,IN,82753,188.7,2.6,63067,41627,41126,19689,9976,9713,49577,25639,23938,13487,6012,7475,1626,559,1067,17,0,16227,1108
Benton,IN,8653,21.8,3.2,51649,4296,4357,2145,1120,1025,4965,2493,2472,1543,683,860,206,62,144,0,0,679,0
Blackford,IN,11930,77.3,3.9,45161,5889,6041,2597,1339,1258,6753,3419,3334,2580,1131,1449,301,97,204,0,0,649,52
Boone,IN,66999,133.9,2.7,85876,33331,33668,17718,9243,8475,40327,20088,20239,8954,4000,4954,957,326,631,8,0,12071,1320
Brown,IN,15234,48.9,3.2,60944,7507,7727,2732,1356,1376,8834,4382,4452,3668,1769,1899,319,120,199,0,0,1223,55
Carroll,IN,20127,54.1,3.3,57092,10117,10010,4451,2295,2156,11727,6009,5718,3949,1813,2136,445,151,294,0,0,2538,73
Cass,IN,37955,94.5,3.7,48598,18958,18997,8752,4491,4261,22450,11540,10910,6753,2927,3826,910,309,601,5,0,53438,199
Clark,IN,117360,295.6,3.4,56774,57274,60086,26376,13511,12865,72460,35853,36607,18524,7910,10614,1922,586,1336,25,2458498753,17461,1368
Clay,IN,26170,75.2,3.9,52699,12930,13240,6024,3057,2967,15471,7756,7715,4675,2117,2558,570,211,359,0,0,1361,40
Clinton,IN,32250,82,2.8,51730,16035,16215,8454,4346,4108,18417,9323,9094,5379,2366,3013,850,272,578,0,0,4808,88
Crawford,IN,10558,35.1,4.5,44152,5371,5187,2275,1139,1136,6222,3190,3032,2061,1042,1019,170,58,112,0,0,1038,35
Daviess,IN,33147,73.7,2.7,55434,16701,16446,9712,5003,4709,18355,9430,8925,5080,2268,2812,630,195,435,5,0,2771,643
Dearborn,IN,49568,164.1,3.6,66502,24649,24919,11062,5619,5443,29727,14930,14797,8779,4100,4679,890,310,580,8,0,6626,636
Decatur,IN,26794,69.1,3,57441,13306,13488,6555,3354,3201,15754,7956,7798,4485,1996,2489,566,195,371,0,0,11454,1465
DeKalb,IN,43226,116.4,2.8,58987,21453,21773,10461,5285,5176,25746,13043,12703,7019,3125,3894,818,264,554,8,106743997,1131,82
Delaware,IN,114772,300.1,4,43096,55383,59389,21074,10767,10307,74026,36104,37922,19672,8512,11160,2655,935,1720,36,4102812047,11330,901
Dubois,IN,42565,98,2.5,62126,21273,21292,10277,5294,4983,24858,12723,12135,7430,3256,4174,1029,323,706,26,0,3722,43
Elkhart,IN,205560,426.5,2.6,59251,101597,103963,56565,28731,27834,118713,59559,59154,30282,13307,16975,4041,1313,2728,35,2758898726,25669,793
Fayette,IN,23047,112.9,4.6,47737,11381,11666,4974,2552,2422,13373,6673,6700,4700,2156,2544,602,234,368,20,5,2963,242
Floyd,IN,77781,504.1,3.3,64992,37782,39999,17609,9003,8606,47623,23329,24294,12549,5450,7099,1419,454,965,16,2266970675,11891,1227
Fountain,IN,16351,43.6,3.6,53493,8162,8189,3568,1920,1648,9501,4768,4733,3282,1474,1808,431,138,293,0,0,671,106
Franklin,IN,22736,60.1,3.7,62251,11357,11379,5231,2659,2572,13318,6773,6545,4187,1925,2262,474,150,324,7,0,5813,471
Fulton,IN,20092,56.6,3.4,52798,10048,10044,4700,2417,2283,11472,5837,5635,3920,1794,2126,449,158,291,4,0,1479,32
Gibson,IN,33452,68.7,2.7,56960,16739,16713,7845,4072,3773,19731,10019,9712,5876,2648,3228,819,275,544,5,0,485,20
Grant,IN,65936,169.2,3.9,45138,31558,34378,13607,6914,6693,39655,19115,20540,12674,5529,7145,1606,521,1085,19,0,8006,701
Greene,IN,32006,61.1,4.4,46835,16020,15986,7019,3579,3440,18739,9561,9178,6248,2880,3368,745,283,462,5,0,5557,677
Hamilton,IN,330086,696.4,2.7,101740,161345,168741,89053,45409,43644,200171,97785,102386,40862,18151,22711,4565,1610,2955,10,0,47061,3645
Hancock,IN,76351,228.8,3,73831,37563,38788,17861,9105,8756,46085,22842,23243,12405,5616,6789,1294,477,817,24,0,12815,868
Harrison,IN,40350,81.2,3.5,60379,20163,20187,9092,4697,4395,24116,12160,11956,7142,3306,3836,794,291,503,4,0,7473,593
Hendricks,IN,167009,357.4,2.9,80834,83558,83451,41780,21525,20255,102088,51740,50348,23141,10293,12848,2436,867,1569,39,252024827,43716,2646
Henry,IN,48271,126.2,3.5,50183,25099,23172,9877,5102,4775,29260,15924,13336,9134,4073,5061,1090,364,726,10,0,4290,147
Howard,IN,82366,282.4,4.1,55365,39983,42383,18680,9688,8992,47630,23284,24346,16056,7011,9045,1985,689,1296,13,0,11220,592
Huntington,IN,36240,97,3.6,53809,17873,18367,7812,3970,3842,22198,11176,11022,6230,2727,3503,835,256,579,0,0,759,100
Jackson,IN,44111,83.2,2.8,55518,21987,22124,10835,5599,5236,26058,13197,12861,7218,3191,4027,859,284,575,7,0,11578,50
Jasper,IN,33370,59.8,3.9,66720,16601,16769,7744,3924,3820,19754,9985,9769,5872,2692,3180,614,222,392,4,752393974,2120,67
Jay,IN,20764,55.4,3.3,48392,10348,10416,5303,2757,2546,11750,5940,5810,3711,1651,2060,438,140,298,0,0,1192,0
Jefferson,IN,32208,89.9,3.4,51031,15497,16711,6564,3332,3232,19848,9533,10315,5796,2632,3164,641,209,432,6,0,1627,18
Jennings,IN,27611,75.7,3.6,51560,13837,13774,6361,3257,3104,16711,8525,8186,4539,2055,2484,392,137,255,0,0,5166,194
Johnson,IN,156225,435.8,2.9,69880,77105,79120,38713,19936,18777,94743,47170,47573,22769,9999,12770,2518,862,1656,6,841307986,40374,3885
Knox,IN,36895,74.5,3.3,48606,18682,18213,7921,4067,3854,22392,11778,10614,6582,2837,3745,841,249,592,30,0,1159,0
Kosciusko,IN,79344,145.6,2.6,57367,39656,39688,18917,9650,9267,47153,23903,23250,13274,6103,7171,1519,526,993,14,0,2605,88
LaGrange,IN,39330,97.8,2.5,67498,19980,19350,12779,6665,6114,21188,10782,10406,5363,2533,2830,556,223,333,0,0,1953,90
Lake,IN,484411,994.1,4.9,55280,234475,249936,113194,57728,55466,291113,142109,149004,80104,34638,45466,10667,3682,6985,188,105715042,116029,5847
LaPorte,IN,110007,186.3,4.4,52095,56694,53313,23561,12014,11547,66754,35881,30873,19692,8799,10893,2246,735,1511,34,1146683654,13593,576
Lawrence,IN,45668,102.7,3.8,53187,22625,23043,9940,5128,4812,26586,13419,13167,9142,4078,5064,1114,353,761,6,0,6112,846
Madison,IN,129641,291.3,3.9,49522,64792,64849,28038,14547,13491,77889,39749,38140,23714,10496,13218,2833,991,1842,21,0,24591,2804
Marion,IN,954670,2279.6,3.5,48409,460093,494577,235211,120266,114945,599101,289138,309963,120358,50689,69669,15551,5002,10549,526,3447436313,355973,20314
Marshall,IN,46248,106.1,3.2,55766,23052,23196,11590,5916,5674,26397,13464,12933,8261,3672,4589,1158,375,783,7,0,2100,41
Martin,IN,10217,30.8,2.7,55444,5177,5040,2279,1203,1076,5910,3050,2860,2028,924,1104,215,89,126,0,0,373,0
Miami,IN,35567,98.7,4,47624,19133,16434,7490,3861,3629,21788,12346,9442,6289,2926,3363,763,277,486,4,0,4952,30
Monroe,IN,146917,349.7,3.6,48883,73034,73883,22966,11869,11097,104702,52649,52053,19249,8516,10733,2483,885,1598,38,4468862106,7392,385
Montgomery,IN,38346,75.6,3,53700,19448,18898,8783,4508,4275,22689,11864,10825,6874,3076,3798,882,318,564,5,57827561,5978,296
Morgan,IN,70116,170.5,3.4,66151,34819,35297,15846,8184,7662,42396,21285,21111,11874,5350,6524,1103,399,704,10,0,10387,618
Newton,IN,14011,35.5,4.3,53060,7073,6938,2954,1472,1482,8329,4352,3977,2728,1249,1479,311,98,213,0,0,2920,405
Noble,IN,47532,115.7,2.9,61341,23825,23707,11604,5912,5692,28303,14443,13860,7625,3470,4155,951,306,645,0,0,5618,673
Ohio,IN,5844,71.1,3.5,58022,2894,2950,1111,560,551,3442,1733,1709,1291,601,690,118,40,78,0,0,381,0
Orange,IN,19489,49.8,3.9,44968,9719,9770,4425,2322,2103,11256,5680,5576,3808,1717,2091,419,147,272,0,0,4534,715
Owen,IN,20845,56,4.4,49731,10423,10422,4393,2199,2194,12433,6322,6111,4019,1902,2117,361,135,226,0,0,1505,52
Parke,IN,16927,39,4,49639,8000,8927,3647,1926,1721,9999,4511,5488,3281,1563,1718,337,125,212,0,0,816,0
Perry,IN,19102,50.7,3.7,52332,10232,8870,4013,2053,1960,11499,6498,5001,3590,1681,1909,489,176,313,4,0,1024,17
Pike,IN,12410,38.4,3.5,54265,6187,6223,2728,1363,1365,7195,3652,3543,2487,1172,1315,277,90,187,0,0,144,0
Porter,IN,169594,393,3.8,69298,83930,85664,37424,19301,18123,104367,51991,52376,27803,12638,15165,3124,1034,2090,32,991942913,16464,541
Posey,IN,25540,63.3,2.8,68162,12755,12785,5627,2907,2720,15114,7652,7462,4799,2196,2603,576,193,383,0,0,684,0
Pulaski,IN,12469,30.9,3.1,49730,6357,6112,2779,1443,1336,7247,3743,3504,2443,1171,1272,301,112,189,0,0,1232,0
Putnam,IN,37779,79,3.8,54718,19840,17939,7400,3828,3572,24116,13154,10962,6263,2858,3405,771,300,471,6,0,4701,265
Randolph,IN,24851,57.9,3.9,46441,12202,12649,5658,2854,2804,14148,7119,7029,5045,2229,2816,711,238,473,0,0,1760,119
Ripley,IN,28523,64.6,3.6,57436,14128,14395,6755,3488,3267,16683,8300,8383,5085,2340,2745,657,216,441,0,0,5705,282
Rush,IN,16663,42.6,2.9,53271,8223,8440,3789,1928,1861,9818,4939,4879,3056,1356,1700,379,125,254,0,0,2193,86
St. Joseph,IN,270771,583,3.6,54674,131836,138935,64005,32802,31203,163983,80217,83766,42783,18817,23966,6298,2131,4167,74,3813635818,39519,1257
Scott,IN,23878,127,3.9,44913,11731,12147,5405,2693,2712,14498,7253,7245,3975,1785,2190,346,137,209,4,0,3445,137
Shelby,IN,44593,108.1,3.1,57193,22146,22447,10170,5240,4930,26779,13473,13306,7644,3433,4211,966,325,641,0,0,15023,941
Spencer,IN,20327,52.8,3.3,56862,10232,10095,4440,2266,2174,11955,6095,5860,3932,1871,2061,462,172,290,0,0,531,30
Starke,IN,22935,75.6,4.3,49972,11437,11498,5229,2668,2561,13440,6738,6702,4266,2031,2235,345,145,200,1,0,1116,91
Steuben,IN,34586,110.7,2.7,58295,17560,17026,7119,3615,3504,20484,10658,9826,6983,3287,3696,688,227,461,2,0,2420,77
Sullivan,IN,20690,48,4.7,47554,11241,9449,3979,2107,1872,12993,7487,5506,3718,1647,2071,468,156,312,4,0,1017,12
Switzerland,IN,10717,48.1,3.9,47713,5524,5193,2645,1408,1237,6217,3197,3020,1855,919,936,188,67,121,0,0,913,0
Tippecanoe,IN,193048,345.7,3.2,52269,98678,94370,39983,20358,19625,130594,68427,62167,22471,9893,12578,2964,1058,1906,30,5737463114,10502,125
Tipton,IN,15128,61.2,2.8,60896,7537,7591,3135,1614,1521,8837,4511,4326,3156,1412,1744,407,123,284,0,0,1035,51
Union,IN,7037,46.6,3.1,50300,3491,3546,1424,752,672,4250,2125,2125,1363,614,749,152,55,97,0,0,747,0
Vanderburgh,IN,180974,769.7,3.2,50500,87699,93275,39047,19878,19169,111354,54713,56641,30573,13108,17465,4313,1359,2954,154,3526827711,8740,84
Vermillion,IN,15479,63.1,5.5,49287,7691,7788,3379,1780,1599,8998,4514,4484,3102,1397,1705,380,116,264,6,0,411,0
Vigo,IN,107386,267.4,4.4,48335,54405,52981,21965,11462,10503,67904,35674,32230,17517,7269,10248,2317,665,1652,54,2249501698,4760,335
Wabash,IN,31280,79.7,3.5,51487,15158,16122,6512,3244,3268,18242,9098,9144,6526,2816,3710,1059,339,720,0,0,2429,69
Warren,IN,8263,23.3,3.2,60596,4086,4177,1855,902,953,4737,2420,2317,1671,764,907,198,69,129,0,0,570,62
Warrick,IN,62567,155.1,2.9,75534,30670,31897,14921,7537,7384,36699,18207,18492,10947,4926,6021,1303,435,868,24,0,5824,865
Washington,IN,27943,55,3.5,44534,13920,14023,6384,3224,3160,16793,8499,8294,4766,2197,2569,495,186,309,0,0,2379,26
Wayne,IN,65936,171.5,3.6,45130,31937,33999,14475,7331,7144,38830,19232,19598,12631,5374,7257,1727,547,1180,30,0,5931,188
Wells,IN,28206,75.1,2.8,60010,13912,14294,6982,3558,3424,16060,8101,7959,5164,2253,2911,774,240,534,7,0,640,0
White,IN,24133,48.8,3.1,58380,12010,12123,5647,2892,2755,13632,6868,6764,4854,2250,2604,629,244,385,0,0,5572,125
Whitley,IN,34074,99.2,2.9,67758,16983,17091,7899,4075,3824,20051,10153,9898,6124,2755,3369,795,238,557,0,0,1257,78
Iowa,IA,16141,27.9,2.1,64188,8046,8095,3758,1936,1822,9322,4732,4590,3061,1378,1683,528,171,357,0,0,1194,0
Adair,IA,7063,13.5,2.4,54282,3509,3554,1528,771,757,3932,2029,1903,1603,709,894,315,120,195,0,0,195,0
Adams,IA,3645,9.5,1.9,51577,1825,1820,768,390,378,2036,1034,1002,841,401,440,115,43,72,0,0,68,0
Allamakee,IA,13832,22.4,3.1,53359,7019,6813,3252,1666,1586,7437,3835,3602,3143,1518,1625,413,150,263,0,0,4609,186
Appanoose,IA,12437,25.9,3.3,44298,6143,6294,2774,1437,1337,6840,3440,3400,2823,1266,1557,421,145,276,3,0,301,129
Audubon,IA,5506,13.8,2.4,51210,2673,2833,1125,572,553,3019,1509,1510,1362,592,770,267,72,195,0,0,333,20
Benton,IA,25642,36.4,2.7,62799,12785,12857,5988,2995,2993,14887,7563,7324,4767,2227,2540,733,275,458,0,9094244,1719,55
Black Hawk,IA,132408,231.7,2.8,52320,65095,67313,28810,14715,14095,81879,40662,41217,21719,9718,12001,3086,1083,2003,24,2146149081,56639,1005
Boone,IA,26346,46,2.1,63099,13312,13034,5607,2992,2615,15885,8086,7799,4854,2234,2620,699,226,473,3,0,1462,0
Bremer,IA,24947,55.7,2,74646,12348,12599,5567,2885,2682,14494,7253,7241,4886,2210,2676,759,255,504,0,0,2481,180
Buchanan,IA,21199,36.7,2.6,59724,10542,10657,5531,2792,2739,11882,6000,5882,3786,1750,2036,506,173,333,0,0,1077,0
Buena Vista,IA,19874,35.2,2.1,52683,10095,9779,5060,2590,2470,11616,6022,5594,3198,1483,1715,553,195,358,5,0,6105,0
Butler,IA,14539,25.6,2.7,57971,7257,7282,3271,1695,1576,8021,4073,3948,3247,1489,1758,543,203,340,0,0,473,2
Calhoun,IA,9699,17,2.5,54865,5005,4694,2083,1063,1020,5391,2945,2446,2225,997,1228,395,133,262,2,0,45,0
Carroll,IA,20154,36.6,1.9,60531,9924,10230,4939,2520,2419,11120,5611,5509,4095,1793,2302,750,263,487,6,0,269,0
Cass,IA,12930,24.7,2.7,50356,6368,6562,2887,1504,1383,7046,3562,3484,2997,1302,1695,470,145,325,4,0,153,0
Cedar,IA,18627,31.9,2.4,67597,9271,9356,4117,2104,2013,10840,5482,5358,3670,1685,1985,592,201,391,0,0,1972,25
Cerro Gordo,IA,42647,77.7,2.6,51939,20870,21777,8819,4555,4264,24542,12256,12286,9286,4059,5227,1525,480,1045,18,2571839764,986,11
Cherokee,IA,11321,20.9,2.2,56312,5692,5629,2468,1283,1185,6132,3162,2970,2721,1247,1474,552,207,345,0,0,350,0
Chickasaw,IA,11964,24.7,2.7,64190,6055,5909,2815,1434,1381,6664,3475,3189,2485,1146,1339,364,136,228,0,0,289,0
Clarke,IA,9423,21.5,2.8,52541,4772,4651,2430,1277,1153,5250,2719,2531,1743,776,967,272,91,181,0,893794901,663,0
Clay,IA,16134,29.4,3.2,56338,7936,8198,3652,1841,1811,9138,4584,4554,3344,1511,1833,619,203,416,0,0,363,0
Clayton,IA,17556,23.3,3.2,53968,8885,8671,3705,1908,1797,9678,5006,4672,4173,1971,2202,655,223,432,0,0,1037,93
Clinton,IA,46518,70.7,3.2,51317,22844,23674,10602,5420,5182,26756,13280,13476,9160,4144,5016,1296,430,866,10,2728944619,2784,36
Crawford,IA,17158,23.9,3.4,54828,8767,8391,4323,2194,2129,9829,5177,4652,3006,1396,1610,477,157,320,0,0,9703,62
Dallas,IA,90180,112.4,1.7,87267,44496,45684,25041,12726,12315,54326,27097,27229,10813,4673,6140,1467,468,999,0,132318871,25430,304
Davis,IA,9017,17.4,2.7,54830,4462,4555,2647,1300,1347,4757,2427,2330,1613,735,878,243,84,159,0,0,388,0
Decatur,IA,7890,15.9,2.2,41101,3940,3950,1727,874,853,4579,2343,2236,1584,723,861,266,93,173,0,0,5,0
Delaware,IA,17069,30.7,2.1,61342,8611,8458,4031,2063,1968,9746,4977,4769,3292,1571,1721,479,174,305,0,0,412,10
Des Moines,IA,39138,96.9,3.3,51805,19041,20097,8806,4425,4381,22182,10996,11186,8150,3620,4530,1206,411,795,12,1906723132,1551,36
Dickinson,IA,17153,43.8,3.2,55603,8521,8632,3288,1714,1574,9380,4762,4618,4485,2045,2440,642,234,408,3,0,337,0
Dubuque,IA,96854,154,2.4,60367,47863,48991,22037,11250,10787,57408,29011,28397,17409,7602,9807,2617,810,1807,18,4430119369,9152,375
Emmet,IA,9253,26,2.7,51497,4646,4607,1911,952,959,5363,2810,2553,1979,884,1095,334,103,231,0,0,123,0
Fayette,IA,19660,28.6,3,50893,9910,9750,4092,2116,1976,11341,5906,5435,4227,1888,2339,665,222,443,0,0,991,0
Floyd,IA,15761,32.6,2.7,53811,7793,7968,3640,1878,1762,8684,4342,4342,3437,1573,1864,485,180,305,0,0,304,22
Franklin,IA,10124,18.4,2.1,59367,5099,5025,2349,1232,1117,5650,2877,2773,2125,990,1135,355,119,236,0,0,252,0
Fremont,IA,6993,14.6,1.9,54658,3488,3505,1567,814,753,3842,1947,1895,1584,727,857,246,81,165,0,0,77,0
Greene,IA,8981,16.4,2.3,51861,4430,4551,2078,1074,1004,4920,2474,2446,1983,882,1101,329,100,229,4,0,418,0
Grundy,IA,12304,24.8,2.5,65060,6072,6232,2818,1397,1421,6917,3530,3387,2569,1145,1424,397,122,275,0,0,646,0
Guthrie,IA,10720,18.5,2.6,60306,5350,5370,2401,1230,1171,5912,3013,2899,2407,1107,1300,368,113,255,0,0,1245,52
Hamilton,IA,14952,27.2,2.7,56738,7451,7501,3389,1734,1655,8498,4363,4135,3065,1354,1711,542,176,366,0,0,562,0
Hancock,IA,10712,19.9,2.3,60859,5365,5347,2325,1191,1134,5980,3051,2929,2407,1123,1284,401,117,284,0,0,337,0
Hardin,IA,16868,30.8,2.8,55303,8467,8401,3367,1755,1612,9785,5068,4717,3716,1644,2072,668,235,433,0,0,467,0
Harrison,IA,14134,21.4,2.2,60044,7065,7069,3278,1667,1611,8071,4122,3949,2785,1276,1509,435,143,292,0,0,999,0
Henry,IA,20067,46.4,2.5,55856,10349,9718,4334,2215,2119,11927,6421,5506,3806,1713,2093,528,171,357,0,710862103,2194,57
Howard,IA,9187,20.2,2.5,53500,4582,4605,2278,1156,1122,4991,2543,2448,1918,883,1035,333,122,211,0,0,454,0
Humboldt,IA,9547,22.6,2.5,60166,4703,4844,2235,1123,1112,5257,2656,2601,2055,924,1131,354,121,233,0,0,302,0
Ida,IA,6841,16.4,2,60312,3415,3426,1656,873,783,3666,1848,1818,1519,694,825,266,84,182,0,0,172,0
Jackson,IA,19432,31.2,2.8,54663,9698,9734,4331,2213,2118,11040,5628,5412,4061,1857,2204,632,232,400,0,0,378,0
Jasper,IA,37147,50.4,2.6,60378,18996,18151,8346,4274,4072,21692,11586,10106,7109,3136,3973,1106,374,732,4,0,8555,328
Jefferson,IA,18381,38.7,2.4,46715,10127,8254,2858,1457,1401,11404,6717,4687,4119,1953,2166,478,173,305,0,0,501,0
Johnson,IA,151260,213.1,1.9,64387,75011,76249,30183,15238,14945,103341,51795,51546,17736,7978,9758,2212,761,1451,95,4673118997,26080,295
Jones,IA,20744,35.9,3,55405,10715,10029,4439,2292,2147,12032,6420,5612,4273,2003,2270,661,214,447,0,0,1380,0
Keokuk,IA,10225,18.1,2.9,52122,5201,5024,2346,1269,1077,5687,2920,2767,2192,1012,1180,384,133,251,0,0,373,0
Kossuth,IA,14908,16,2,55486,7507,7401,3268,1710,1558,8102,4178,3924,3538,1619,1919,629,240,389,0,0,181,0
Lee,IA,34055,69.3,4,48241,17161,16894,7297,3762,3535,19841,10311,9530,6917,3088,3829,902,289,613,10,249683395,667,0
Linn,IA,225909,294.6,2.8,64878,111266,114643,52510,26888,25622,137697,68671,69026,35702,15707,19995,4692,1616,3076,44,3000701399,37269,2649
Louisa,IA,11169,28.3,2.6,49585,5700,5469,2526,1331,1195,6578,3419,3159,2065,950,1115,285,93,192,0,0,13752,181
Lucas,IA,8645,20.7,2,49956,4406,4239,2008,1061,947,4755,2453,2302,1882,892,990,273,96,177,0,0,107,0
Lyon,IA,11811,19.7,1.5,69048,5994,5817,3347,1784,1563,6324,3249,3075,2140,961,1179,409,141,268,0,0,671,0
Madison,IA,16249,27.9,3.2,74794,8114,8135,4047,2127,1920,9442,4695,4747,2760,1292,1468,363,114,249,0,0,588,53
Mahaska,IA,22000,39.2,2.5,56492,11143,10857,5266,2759,2507,12707,6561,6146,4027,1823,2204,640,205,435,0,1353203643,1493,108
Marion,IA,33407,60.1,2,63491,16705,16702,7892,4077,3815,19558,9934,9624,5957,2694,3263,797,273,524,3,0,751,0
Marshall,IA,39981,71,4.4,59552,20231,19750,10109,5230,4879,22600,11667,10933,7272,3334,3938,1142,415,727,0,2034306376,28106,218
Mills,IA,15063,34.4,2.1,64271,7580,7483,3553,1818,1735,8736,4433,4303,2774,1329,1445,313,114,199,0,0,367,0
Mitchell,IA,10569,23,1.9,59558,5268,5301,2496,1281,1215,5837,2989,2848,2236,998,1238,436,151,285,0,0,175,0
Monona,IA,8679,13.3,2.8,50530,4235,4444,1916,956,960,4627,2342,2285,2136,937,1199,406,111,295,0,0,708,0
Monroe,IA,7790,18.4,2.9,56541,3858,3932,1848,920,928,4387,2222,2165,1555,716,839,202,71,131,0,0,564,51
Montgomery,IA,10003,25.3,2.4,49966,4876,5127,2274,1144,1130,5585,2787,2798,2144,945,1199,377,114,263,8,0,170,0
Muscatine,IA,42929,97.7,2.6,58465,21452,21477,10691,5491,5200,25093,12723,12370,7145,3238,3907,914,313,601,5,2852119263,20230,1014
O'Brien,IA,13840,25.1,2,53147,6927,6913,3292,1707,1585,7689,3982,3707,2859,1238,1621,592,195,397,0,0,720,0
Osceola,IA,6040,16.2,1.9,60627,3082,2958,1441,771,670,3300,1727,1573,1299,584,715,233,85,148,0,0,834,0
Page,IA,15249,29.8,2.5,54313,8051,7198,2949,1610,1339,8896,4908,3988,3404,1533,1871,560,174,386,2,0,424,0
Palo Alto,IA,8929,16.7,2.2,55322,4449,4480,2037,1064,973,4934,2539,2395,1958,846,1112,390,122,268,0,0,60,0
Plymouth,IA,25095,29,1.9,66360,12530,12565,6272,3208,3064,14212,7211,7001,4611,2111,2500,710,230,480,0,0,2599,9
Pocahontas,IA,6740,12.7,1.8,55865,3354,3386,1544,760,784,3644,1876,1768,1552,718,834,245,93,152,0,0,141,0
Polk,IA,487204,750.5,2.5,68479,240245,246959,121315,61812,59503,302258,150752,151506,63631,27681,35950,8245,2755,5490,112,3486675279,98885,2816
Pottawattamie,IA,93533,98,2.3,56337,46030,47503,22030,11312,10718,55168,27444,27724,16335,7274,9061,2161,769,1392,29,2219681972,4995,135
Poweshiek,IA,18699,32.3,2.3,56170,9061,9638,3643,1845,1798,11169,5491,5678,3887,1725,2162,623,209,414,5,0,3107,246
Ringgold,IA,4968,9.6,2.8,48754,2454,2514,1167,619,548,2582,1296,1286,1219,539,680,249,71,178,0,0,39,0
Sac,IA,9719,18,2.4,56698,4791,4928,2176,1104,1072,5260,2670,2590,2283,1017,1266,440,126,314,0,0,211,0
Scott,IA,173283,360.7,3,59865,84974,88309,41080,20697,20383,104061,51661,52400,28142,12616,15526,3765,1294,2471,46,2412637147,13398,327
Shelby,IA,11578,20.6,2,58862,5725,5853,2603,1344,1259,6357,3199,3158,2618,1182,1436,518,193,325,0,0,926,0
Sioux,IA,34909,43.9,1.8,70162,17575,17334,9433,4847,4586,19940,10237,9703,5536,2491,3045,983,330,653,0,0,4111,0
Story,IA,98105,156.3,1.6,57464,51227,46878,16245,8322,7923,70048,37571,32477,11812,5334,6478,1682,582,1100,14,5981814979,2668,34
Tama,IA,16904,24.6,3,56954,8471,8433,4075,2100,1975,9494,4838,4656,3335,1533,1802,552,181,371,0,0,15037,645
Taylor,IA,6191,11.9,2,47781,3141,3050,1455,791,664,3367,1692,1675,1369,658,711,214,86,128,0,0,457,0
Union,IA,12359,29.6,3.5,49887,5991,6368,2744,1364,1380,7071,3482,3589,2544,1145,1399,388,135,253,4,87527556,121,0
Van Buren,IA,7020,15.6,2.7,47905,3613,3407,1601,891,710,3843,1960,1883,1576,762,814,191,82,109,0,0,468,0
Wapello,IA,35205,82.5,3.4,48226,17539,17666,7931,4024,3907,20937,10689,10248,6337,2826,3511,886,301,585,11,38501874,10610,76
Warren,IA,51056,81.1,2.3,78192,25173,25883,12657,6536,6121,30374,15025,15349,8025,3612,4413,959,318,641,0,520585,2688,0
Washington,IA,22141,38.2,2.3,65849,10939,11202,5493,2814,2679,12376,6236,6140,4272,1889,2383,692,213,479,0,0,8168,359
Wayne,IA,6401,12.2,2.7,46725,3146,3255,1625,817,808,3360,1704,1656,1416,625,791,243,72,171,0,0,31,0
Webster,IA,36277,53.1,3.3,52093,18779,17498,7884,4111,3773,21739,11699,10040,6654,2969,3685,934,337,597,8,3813674614,614,18
Winnebago,IA,10518,27.1,2.6,54433,5185,5333,2319,1116,1203,5936,3080,2856,2263,989,1274,421,113,308,0,0,249,0
Winneshiek,IA,20029,30.5,2.7,61807,9993,10036,3709,1922,1787,12176,6169,6007,4144,1902,2242,676,242,434,0,0,869,0
Woodbury,IA,102539,117.1,2.5,60059,50815,51724,26742,13543,13199,60326,30415,29911,15471,6857,8614,1982,681,1301,33,3357579014,67405,510
Worth,IA,7453,19,2.7,58587,3767,3686,1540,811,729,4382,2236,2146,1531,720,811,225,69,156,0,0,92,0
Wright,IA,12690,22.8,2.6,54802,6379,6311,3040,1543,1497,6766,3500,3266,2884,1336,1548,548,202,346,0,0,1637,0
Allen,KS,12444,26.7,4,44423,6131,6313,2790,1462,1328,7077,3554,3523,2577,1115,1462,375,111,264,0,0,,
Anderson,KS,7878,14,3.5,50646,3911,3967,1997,1033,964,4205,2113,2092,1676,765,911,249,91,158,0,0,23,0
Atchison,KS,16193,39.3,4.6,49332,7861,8332,3781,1940,1841,9633,4697,4936,2779,1224,1555,388,127,261,4,0,606,0
Barber,KS,4472,4.3,2.6,47634,2301,2171,1024,543,481,2421,1257,1164,1027,501,526,146,56,90,0,0,55,0
Barton,KS,26111,30.9,3.3,49991,12899,13212,6207,3169,3038,14886,7458,7428,5018,2272,2746,851,304,547,4,0,1044,26
Bourbon,KS,14653,23.9,4.2,41807,7242,7411,3764,1938,1826,8000,4021,3979,2889,1283,1606,447,152,295,0,0,391,55
Brown,KS,9598,17.5,3,47529,4737,4861,2424,1238,1186,5206,2602,2604,1968,897,1071,274,83,191,0,0,97,0
Butler,KS,66765,46.1,3.5,65953,33594,33171,16996,8665,8331,39640,20397,19243,10129,4532,5597,1406,498,908,16,0,1059,0
Chase,KS,2629,3.6,2.6,50981,1338,1291,525,262,263,1443,772,671,661,304,357,99,30,69,0,0,104,0
Chautauqua,KS,3309,5.7,4,41129,1703,1606,658,349,309,1766,930,836,885,424,461,125,49,76,0,0,213,0
Cherokee,KS,20015,36.8,3.8,44475,9844,10171,4610,2356,2254,11542,5731,5811,3863,1757,2106,428,152,276,0,0,467,0
Cheyenne,KS,2660,2.7,2.4,43274,1348,1312,567,323,244,1376,711,665,717,314,403,160,55,105,0,0,65,0
Clark,KS,2005,2.3,2.4,51235,995,1010,483,254,229,1082,552,530,440,189,251,91,27,64,0,0,634,0
Clay,KS,7997,13.2,3.2,52681,4001,3996,1883,984,899,4276,2189,2087,1838,828,1010,320,122,198,0,0,208,35
Cloud,KS,8729,13.3,3.5,44467,4330,4399,1952,1001,951,4892,2540,2352,1885,789,1096,339,83,256,0,0,204,0
Coffey,KS,8233,13.7,4.8,58371,4064,4169,1796,913,883,4671,2325,2346,1766,826,940,216,76,140,0,0,2760,366
Comanche,KS,1748,2.4,2.5,46818,849,899,415,204,211,886,440,446,447,205,242,60,25,35,0,0,13,0
Cowley,KS,35218,32.3,3.4,47864,17716,17502,8319,4270,4049,20479,10539,9940,6420,2907,3513,947,331,616,4,0,158,53
Crawford,KS,39019,66.4,4,43852,19574,19445,8490,4446,4044,24474,12516,11958,6055,2612,3443,927,272,655,12,0,391,63
Decatur,KS,2871,3.3,3,44774,1443,1428,558,299,259,1505,776,729,808,368,440,191,57,134,0,0,,
Dickinson,KS,18717,23.3,3.5,50605,9433,9284,4439,2321,2118,10580,5434,5146,3698,1678,2020,636,221,415,0,0,97,0
Doniphan,KS,7682,20.2,3.5,50949,3863,3819,1626,797,829,4554,2351,2203,1502,715,787,222,74,148,0,251194574,325,0
Douglas,KS,121436,243.1,3.1,57120,60520,60916,22089,11421,10668,84393,42340,42053,14954,6759,8195,1890,614,1276,10,5193346431,3216,0
Edwards,KS,2849,4.9,2.4,46962,1449,1400,665,344,321,1578,803,775,606,302,304,69,28,41,0,0,153,0
Elk,KS,2508,4.5,3.3,37360,1267,1241,543,287,256,1236,637,599,729,343,386,92,34,58,0,0,,
Ellis,KS,28710,31.6,2.4,53840,14458,14252,6198,3207,2991,18096,9231,8865,4416,2020,2396,692,254,438,34,0,383,0
Ellsworth,KS,6196,9.1,2.8,50261,3503,2693,1137,595,542,3762,2304,1458,1297,604,693,200,72,128,0,0,52,0
Finney,KS,36611,28.2,2.5,56206,18844,17767,11038,5659,5379,21539,11291,10248,4034,1894,2140,556,202,354,8,298117395,36175,176
Ford,KS,33888,30.8,2.6,56052,17584,16304,10213,5267,4946,19883,10574,9309,3792,1743,2049,636,228,408,10,595439506,44591,56
Franklin,KS,25631,45.5,3.6,58033,12785,12846,6090,3123,2967,15279,7713,7566,4262,1949,2313,484,158,326,5,0,1237,0
Geary,KS,32594,89.3,4.8,50856,17216,15378,10029,5160,4869,19747,10842,8905,2818,1214,1604,356,117,239,6,0,703,0
Gove,KS,2612,2.5,2.2,49626,1315,1297,626,317,309,1351,709,642,635,289,346,132,44,88,0,0,66,0
Graham,KS,2492,2.9,3.2,41906,1236,1256,484,255,229,1324,669,655,684,312,372,114,50,64,0,0,,
Grant,KS,7336,13.6,2.8,61614,3684,3652,2257,1156,1101,4076,2087,1989,1003,441,562,117,32,85,0,0,422,0
Gray,KS,6033,6.9,2,65771,3037,2996,1749,902,847,3374,1706,1668,910,429,481,132,53,79,0,0,427,0
Greeley,KS,1227,1.6,2,51606,588,639,319,152,167,654,323,331,254,113,141,59,20,39,0,0,,
Greenwood,KS,6055,5.9,3.6,43083,3026,3029,1317,674,643,3229,1623,1606,1509,729,780,224,77,147,0,0,155,0
Hamilton,KS,2607,2.7,2,51559,1351,1256,749,407,342,1493,758,735,365,186,179,32,11,21,0,0,344,0
Harper,KS,5506,7.5,2.9,45570,2757,2749,1372,717,655,2867,1490,1377,1267,550,717,213,56,157,0,0,37,0
Harvey,KS,34210,64.3,3.2,57934,16893,17317,8242,4212,4030,19286,9709,9577,6682,2972,3710,1213,425,788,6,613758494,520,29
Haskell,KS,3997,7.4,2.2,60808,2008,1989,1125,593,532,2281,1133,1148,591,282,309,67,21,46,0,0,518,0
Hodgeman,KS,1818,2.2,2.5,54058,905,913,413,200,213,969,487,482,436,218,218,68,36,32,0,0,19,0
Jackson,KS,13280,20.5,3,56330,6644,6636,3308,1693,1615,7442,3774,3668,2530,1177,1353,292,124,168,0,0,1235,5
Jefferson,KS,18975,35.9,3.3,69246,9661,9314,4328,2257,2071,11109,5680,5429,3538,1724,1814,436,181,255,0,0,683,0
Jewell,KS,2841,3.4,2.8,44271,1452,1389,539,279,260,1446,759,687,856,414,442,146,56,90,0,0,206,0
Johnson,KS,597555,1149.6,2.9,87087,293223,304332,145643,74204,71439,365189,180684,184505,86723,38335,48388,11436,4012,7424,110,1937069185,30680,2361
Kearny,KS,3943,4.6,2.4,63248,1967,1976,1142,613,529,2189,1101,1088,612,253,359,88,29,59,0,0,1165,13
Kingman,KS,7310,9.1,3.2,56005,3663,3647,1604,850,754,4121,2073,2048,1585,740,845,263,115,148,0,0,,
Kiowa,KS,2516,3.5,2.4,64399,1234,1282,574,271,303,1390,707,683,552,256,296,100,42,58,0,0,68,0
Labette,KS,19964,33.5,4,44571,9931,10033,4792,2456,2336,11360,5776,5584,3812,1699,2113,548,166,382,5,0,1150,0
Lane,KS,1560,2.4,2.8,59240,788,772,345,189,156,848,428,420,367,171,196,56,17,39,0,0,24,0
Leavenworth,KS,81352,164.7,3.6,70807,43269,38083,19284,9831,9453,50289,28001,22288,11779,5437,6342,1281,446,835,10,0,31873,251
Lincoln,KS,3023,4.5,2.5,44439,1500,1523,679,354,325,1605,802,803,739,344,395,153,44,109,0,0,,
Linn,KS,9750,16.3,5.9,47153,4937,4813,2189,1122,1067,5381,2745,2636,2180,1070,1110,264,112,152,0,0,425,0
Logan,KS,2844,2.6,2.2,50267,1414,1430,685,353,332,1567,810,757,592,251,341,110,34,76,0,0,,
Lyon,KS,33406,39.8,3.5,47982,16223,17183,7439,3800,3639,20892,10141,10751,5075,2282,2793,808,275,533,6,0,12916,88
McPherson,KS,28537,32.5,2.6,58017,13992,14545,6538,3267,3271,16339,8244,8095,5660,2481,3179,1090,359,731,7,0,1241,0
Marion,KS,11950,13.4,3.1,51712,5943,6007,2532,1291,1241,6635,3366,3269,2783,1286,1497,512,185,327,0,0,318,35
Marshall,KS,9722,11.2,2.6,51066,4841,4881,2317,1168,1149,5293,2690,2603,2112,983,1129,379,153,226,0,0,,
Meade,KS,4146,4.7,2.1,67220,2104,2042,1061,572,489,2286,1144,1142,799,388,411,156,71,85,0,0,658,0
Miami,KS,33680,57,3.6,71770,16735,16945,8257,4192,4065,19792,9980,9812,5631,2563,3068,752,260,492,0,0,296,0
Mitchell,KS,6150,9.1,2.3,51514,3113,3037,1433,725,708,3267,1710,1557,1450,678,772,264,94,170,4,0,187,0
Montgomery,KS,32120,55.1,4.3,42479,15909,16211,7635,3941,3694,18096,9139,8957,6389,2829,3560,921,292,629,7,0,972,116
Morris,KS,5521,8.5,2.8,49287,2761,2760,1132,575,557,3024,1546,1478,1365,640,725,241,99,142,0,0,199,0
Morton,KS,2667,4.4,3.3,53785,1323,1344,647,327,320,1479,757,722,541,239,302,112,35,77,0,0,161,0
Nemaha,KS,10155,14.2,2.3,59567,5140,5015,2639,1370,1269,5468,2845,2623,2048,925,1123,468,161,307,0,0,162,0
Neosho,KS,15951,28.9,4.9,46176,7902,8049,3929,1993,1936,8858,4502,4356,3164,1407,1757,496,168,328,5,0,131,0
Ness,KS,2840,2.9,2.8,51757,1401,1439,619,300,319,1486,774,712,735,327,408,147,46,101,0,0,14,0
Norton,KS,5430,6.5,2.1,47252,3035,2395,1040,524,516,3278,2021,1257,1112,490,622,216,64,152,0,0,60,0
Osage,KS,15941,23.1,3.8,53864,7989,7952,3724,1941,1783,9054,4538,4516,3163,1510,1653,404,176,228,0,0,316,0
Osborne,KS,3475,4.3,2.6,46101,1756,1719,710,384,326,1897,987,910,868,385,483,173,58,115,0,0,117,0
Ottawa,KS,5802,8.5,2.9,56451,3009,2793,1312,710,602,3307,1729,1578,1183,570,613,131,52,79,0,0,214,0
Pawnee,KS,6562,9.2,3.2,47039,3683,2879,1079,616,463,4106,2441,1665,1377,626,751,225,66,159,0,0,,
Phillips,KS,5317,6.4,2.5,47405,2638,2679,1199,620,579,2847,1428,1419,1271,590,681,195,63,132,0,0,68,0
Pottawatomie,KS,24277,25.7,2.8,69975,12063,12214,7073,3556,3517,13741,6917,6824,3463,1590,1873,470,150,320,0,0,833,0
Pratt,KS,9378,13.1,2.8,52567,4638,4740,2313,1183,1130,5170,2620,2550,1895,835,1060,354,106,248,6,0,64,0
Rawlins,KS,2508,2.4,2.1,46638,1267,1241,526,274,252,1282,673,609,700,320,380,113,36,77,0,0,,
Reno,KS,62342,51.4,3.6,49341,31304,31038,13969,7139,6830,36053,18769,17284,12320,5396,6924,2030,689,1341,20,289518395,2011,0
Republic,KS,4664,6.9,2.7,48566,2305,2359,968,498,470,2402,1218,1184,1294,589,705,265,96,169,0,0,218,0
Rice,KS,9531,13.9,2.9,51686,4760,4771,2166,1079,1087,5522,2882,2640,1843,799,1044,271,91,180,0,0,133,0
Riley,KS,73703,116.6,2.9,47057,38675,35028,12281,6225,6056,54413,29297,25116,7009,3153,3856,1084,401,683,8,0,2627,20
Rooks,KS,5013,5.8,3.2,47365,2419,2594,1117,527,590,2783,1400,1383,1113,492,621,176,58,118,0,0,293,0
Rush,KS,3093,4.6,2.7,44121,1588,1505,646,357,289,1679,875,804,768,356,412,147,55,92,0,0,,
Russell,KS,6907,7.9,3,45879,3406,3501,1494,781,713,3724,1861,1863,1689,764,925,318,123,195,0,0,,
Saline,KS,54401,77.2,3.1,53961,26984,27417,12589,6414,6175,32056,16227,15829,9756,4343,5413,1460,525,935,18,3297647515,1177,106
Scott,KS,4897,6.9,2,63790,2467,2430,1319,687,632,2630,1324,1306,948,456,492,159,51,108,0,0,269,0
Sedgwick,KS,513607,499.6,3.8,56381,254106,259501,131919,67183,64736,307201,153335,153866,74487,33588,40899,9604,3553,6051,236,241346358,22660,691
Seward,KS,21780,35.9,3.3,50671,11052,10728,6909,3435,3474,12741,6677,6064,2130,940,1190,291,85,206,8,0,26185,22
Shawnee,KS,177499,327.1,3.5,53612,85958,91541,41950,21467,20483,103253,50259,52994,32296,14232,18064,4356,1477,2879,52,3389645327,8512,300
Sheridan,KS,2533,2.9,2.3,50553,1274,1259,637,323,314,1312,684,628,584,267,317,123,43,80,0,0,82,0
Sherman,KS,5899,5.7,2.8,45966,2959,2940,1403,715,688,3359,1723,1636,1137,521,616,163,55,108,0,0,200,0
Smith,KS,3603,4.3,2.5,41899,1792,1811,734,367,367,1872,952,920,997,473,524,208,90,118,0,0,92,0
Stafford,KS,4178,5.6,2.7,47835,2121,2057,979,517,462,2272,1174,1098,927,430,497,179,66,113,0,0,64,0
Stanton,KS,1987,3.3,2.6,60136,990,997,519,258,261,1118,574,544,350,158,192,61,27,34,0,0,295,0
Stevens,KS,5559,7.9,2.8,58817,2754,2805,1607,750,857,3068,1612,1456,884,392,492,165,57,108,0,0,772,0
Sumner,KS,22996,20.4,3.5,56946,11519,11477,5667,2905,2762,13026,6632,6394,4303,1982,2321,629,215,414,0,0,244,53
Thomas,KS,7711,7.4,2.6,55345,3775,3936,1802,916,886,4547,2241,2306,1362,618,744,231,82,149,1,0,,
Trego,KS,2793,3.4,3.2,48520,1418,1375,500,267,233,1553,787,766,740,364,376,127,55,72,0,0,10,0
Wabaunsee,KS,6899,8.9,3.2,59744,3527,3372,1612,865,747,3906,1972,1934,1381,690,691,158,56,102,0,0,987,0
Wallace,KS,1503,1.6,2.6,51350,750,753,378,173,205,775,408,367,350,169,181,72,27,45,0,0,,
Washington,KS,5420,6.5,2.7,48104,2767,2653,1211,645,566,2911,1532,1379,1298,590,708,254,95,159,0,0,,
Wichita,KS,2105,3.1,2.2,59800,1073,1032,549,267,282,1130,605,525,426,201,225,77,31,46,0,0,,
Wilson,KS,8665,16.5,4.4,45697,4289,4376,2088,1063,1025,4723,2380,2343,1854,846,1008,251,78,173,0,0,45,0
Woodson,KS,3183,6.6,4.3,43894,1601,1582,672,348,324,1738,889,849,773,364,409,125,54,71,0,0,327,0
Wyandotte,KS,165324,1039,4.8,47084,82022,83302,46051,23625,22426,98992,49610,49382,20281,8787,11494,2509,873,1636,145,3331926583,47492,3038
Adair,KY,19215,46,5.1,37392,9508,9707,3906,2039,1867,11738,5803,5935,3571,1666,1905,372,126,246,0,0,4009,574
Allen,KY,21122,58,3.7,44624,10446,10676,4858,2478,2380,12539,6256,6283,3725,1712,2013,318,119,199,0,0,1337,43
Anderson,KY,22663,106.1,3.6,60908,11107,11556,5335,2798,2537,13756,6771,6985,3572,1538,2034,376,93,283,0,0,546,72
Ballard,KY,7979,33.4,6.9,47658,3977,4002,1691,901,790,4618,2313,2305,1670,763,907,201,69,132,0,0,389,0
Barren,KY,44176,86.5,4.4,42439,21353,22823,10386,5235,5151,25972,12786,13186,7818,3332,4486,951,270,681,10,0,1228,10
Bath,KY,12383,41.6,6.7,44183,6111,6272,3111,1618,1493,7192,3529,3663,2080,964,1116,226,87,139,0,0,276,32
Bell,KY,26569,79.9,6.3,29362,13024,13545,5646,2896,2750,15818,7900,7918,5105,2228,2877,560,176,384,7,0,14,0
Boone,KY,131533,482.3,3.4,77696,65164,66369,34210,17439,16771,79519,39721,39798,17804,8004,9800,1687,614,1073,18,1904129927,11559,317
Bourbon,KY,20184,69,4,48614,9838,10346,4634,2377,2257,11735,5772,5963,3815,1689,2126,477,176,301,4,0,489,77
Boyd,KY,47240,309.9,5.9,48020,23510,23730,10048,5161,4887,27971,14323,13648,9221,4026,5195,1113,350,763,50,2785351253,1864,155
Boyle,KY,30100,157.8,4.4,47528,14993,15107,6015,3102,2913,18328,9457,8871,5757,2434,3323,841,266,575,22,108153591,980,0
Bracken,KY,8239,41.3,4.9,56432,4129,4110,1924,998,926,4945,2499,2446,1370,632,738,129,47,82,0,0,455,0
Breathitt,KY,12726,28.2,7.3,31182,6366,6360,2597,1381,1216,7936,4006,3930,2193,979,1214,203,71,132,4,0,187,0
Breckinridge,KY,20388,35.4,5.4,47284,10249,10139,4654,2429,2225,11793,5967,5826,3941,1853,2088,373,135,238,0,0,577,25
Bullitt,KY,81069,250.2,4.1,61022,40302,40767,17795,9186,8609,50622,25259,25363,12652,5857,6795,1074,424,650,0,46419614,3700,165
Butler,KY,12772,29.8,4.9,43048,6413,6359,2876,1501,1375,7496,3789,3707,2400,1123,1277,263,80,183,0,0,7765,254
Caldwell,KY,12715,37.7,4.7,43659,6130,6585,2845,1425,1420,7218,3554,3664,2652,1151,1501,355,115,240,0,0,632,0
Calloway,KY,39135,96.6,3.9,41873,19061,20074,7089,3581,3508,25432,12487,12945,6614,2993,3621,772,272,500,10,0,1891,55
Campbell,KY,93152,597,3.3,60904,45696,47456,19395,9852,9543,59208,29448,29760,14549,6396,8153,1795,649,1146,21,4176721687,5558,447
Carlisle,KY,4771,26.9,4.9,41249,2353,2418,1086,569,517,2662,1344,1318,1023,440,583,141,36,105,0,0,120,31
Carroll,KY,10737,84.1,4.1,47623,5412,5325,2798,1408,1390,6304,3255,3049,1635,749,886,190,69,121,0,0,201,0
Carter,KY,27004,67.7,9.2,32906,13290,13714,6077,3143,2934,15862,7860,8002,5065,2287,2778,478,190,288,0,0,324,0
Casey,KY,15888,35.9,4.7,34358,7702,8186,3645,1835,1810,9046,4482,4564,3197,1385,1812,352,99,253,0,0,69,0
Christian,KY,71671,103.1,5.2,40299,38320,33351,19263,9961,9302,43617,24549,19068,8791,3810,4981,1135,397,738,18,155469837,5003,156
Clark,KY,36249,141.1,4.1,50162,17704,18545,8087,4202,3885,21682,10644,11038,6480,2858,3622,714,252,462,8,0,1382,0
Clay,KY,20105,46.3,7.1,28146,10467,9638,4242,2152,2090,12798,6950,5848,3065,1365,1700,273,104,169,6,0,107,0
Clinton,KY,10206,52.1,5.5,31118,5014,5192,2293,1159,1134,5923,2932,2991,1990,923,1067,167,58,109,0,0,146,0
Crittenden,KY,8915,25.9,5.2,43624,4488,4427,1966,1021,945,5097,2596,2501,1852,871,981,193,71,122,0,0,216,42
Cumberland,KY,6659,22.5,4.5,33541,3245,3414,1441,737,704,3762,1846,1916,1456,662,794,150,47,103,0,0,233,0
Daviess,KY,101104,210.9,4,51441,49399,51705,24735,12681,12054,59241,29262,29979,17128,7456,9672,2245,726,1519,32,3308277373,11939,250
Edmonson,KY,12274,40.2,5.3,43151,6161,6113,2253,1158,1095,7475,3789,3686,2546,1214,1332,276,114,162,0,0,1720,189
Elliott,KY,7508,33.5,9.3,35446,4245,3263,1370,703,667,4655,2824,1831,1483,718,765,159,50,109,0,0,12,0
Estill,KY,14198,58,5.5,35701,7033,7165,3045,1546,1499,8451,4281,4170,2702,1206,1496,210,72,138,0,0,,
Fayette,KY,323780,1042.8,3.3,55358,158892,164888,67639,34688,32951,212927,105658,107269,43214,18546,24668,5136,1695,3441,260,,21989,572
Fleming,KY,14432,41.2,5.4,42571,7090,7342,3475,1766,1709,8374,4137,4237,2583,1187,1396,247,87,160,3,0,104,0
Floyd,KY,35845,100.3,6.6,33218,17523,18322,7829,4128,3701,21428,10503,10925,6588,2892,3696,550,176,374,16,0,626,0
Franklin,KY,50815,237.2,3.7,53134,24539,26276,10589,5369,5220,31078,15154,15924,9148,4016,5132,974,338,636,10,0,1071,0
Fulton,KY,6120,33.2,5.8,32355,3042,3078,1342,700,642,3541,1814,1727,1237,528,709,131,41,90,0,256989364,86,0
Gallatin,KY,8832,84.8,4.1,49060,4473,4359,2139,1084,1055,5460,2796,2664,1233,593,640,93,27,66,0,0,222,8
Garrard,KY,17560,73.5,4.4,51203,8656,8904,3841,2040,1801,10530,5207,5323,3189,1409,1780,344,102,242,0,0,141,0
Grant,KY,25121,95.6,4.3,53965,12579,12542,6661,3359,3302,15008,7614,7394,3452,1606,1846,280,93,187,0,0,1422,146
Graves,KY,37317,67.3,5,46785,18254,19063,8941,4570,4371,21475,10580,10895,6901,3104,3797,814,299,515,8,0,6027,651
Grayson,KY,26321,51.8,4.9,40780,13283,13038,6154,3169,2985,15490,7970,7520,4677,2144,2533,446,151,295,6,0,3800,235
Green,KY,11049,39.4,4.3,36782,5446,5603,2310,1158,1152,6459,3261,3198,2280,1027,1253,248,84,164,0,0,59,0
Greenup,KY,35268,107.2,6.6,49457,17148,18120,7535,3893,3642,20345,10027,10318,7388,3228,4160,853,297,556,0,179153439,592,0
Hancock,KY,8758,45.6,4.2,56769,4494,4264,2238,1209,1029,5034,2572,2462,1486,713,773,137,49,88,0,0,323,0
Hardin,KY,110356,169.3,4.1,52278,54969,55387,27155,13934,13221,67804,34344,33460,15397,6691,8706,1702,588,1114,20,0,3074,53
Harlan,KY,26409,62.9,7.4,29521,12677,13732,6055,3025,3030,15409,7468,7941,4945,2184,2761,514,169,345,7,0,25,0
Harrison,KY,18778,61.5,4.1,51709,9228,9550,4228,2167,2061,11252,5587,5665,3298,1474,1824,360,106,254,6,0,1217,0
Hart,KY,18906,44.2,4,37038,9298,9608,4633,2291,2342,11141,5604,5537,3132,1403,1729,327,90,237,0,0,565,0
Henderson,KY,45591,105.9,3.8,51161,22006,23585,10568,5355,5213,27011,13163,13848,8012,3488,4524,919,300,619,12,2966305428,3857,100
Henry,KY,16106,53.9,3.9,53405,7969,8137,3804,2000,1804,9472,4701,4771,2830,1268,1562,263,74,189,0,0,482,0
Hickman,KY,4421,20.2,5.7,44290,2084,2337,842,411,431,2450,1188,1262,1129,485,644,166,45,121,0,0,157,0
Hopkins,KY,45068,86.6,4.4,45512,21976,23092,10188,5198,4990,26566,13065,13501,8314,3713,4601,901,297,604,19,0,9962,1187
Jackson,KY,13442,39.1,7,35317,6682,6760,3052,1595,1457,8073,4010,4063,2317,1077,1240,168,54,114,0,0,2726,433
Jefferson,KY,770517,1948.1,4.1,55860,372427,398090,170791,87230,83561,475223,232244,242979,124503,52953,71550,15933,5219,10714,366,5435556352,81829,5612
Jessamine,KY,53920,282.3,3.6,59443,26281,27639,12999,6672,6327,32834,15877,16957,8087,3732,4355,1030,434,596,0,1082044826,2393,0
Johnson,KY,22386,89.2,6.9,39381,10971,11415,4881,2486,2395,13388,6572,6816,4117,1913,2204,371,121,250,6,0,175,0
Kenton,KY,166051,996.7,3.4,64644,82155,83896,39533,20255,19278,102539,51295,51244,23979,10605,13374,2666,870,1796,54,3344477387,17858,1222
Knott,KY,15126,46.5,6.9,32228,7473,7653,3046,1565,1481,9286,4650,4636,2794,1258,1536,258,73,185,0,0,178,0
Knox,KY,31304,82.5,6.2,30742,15336,15968,7316,3747,3569,18582,9253,9329,5406,2336,3070,518,173,345,4,0,309,0
Larue,KY,14307,54.3,4.4,45458,7102,7205,3183,1663,1520,8600,4312,4288,2524,1127,1397,297,92,205,0,0,315,0
Laurel,KY,60669,135.6,5.1,41425,29725,30944,14052,7125,6927,36696,18051,18645,9921,4549,5372,896,336,560,14,0,925,98
Lawrence,KY,15571,38.2,7.2,36667,7758,7813,3692,1942,1750,9180,4556,4624,2699,1260,1439,233,86,147,6,0,80,0
Lee,KY,7033,37.8,6.3,29124,3810,3223,1351,737,614,4446,2515,1931,1236,558,678,94,25,69,0,0,4,0
Leslie,KY,10143,28.2,7.1,31921,5062,5081,2192,1167,1025,6133,3080,3053,1818,815,1003,176,65,111,0,0,211,0
Letcher,KY,21899,72.6,6.5,32321,10698,11201,4739,2416,2323,12883,6341,6542,4277,1941,2336,343,120,223,6,0,158,0
Lewis,KY,13257,28.7,8.4,35751,6627,6630,2853,1454,1399,7935,3987,3948,2469,1186,1283,226,91,135,0,0,269,0
Lincoln,KY,24644,74.1,5,42190,12076,12568,5877,3026,2851,14276,7062,7214,4491,1988,2503,464,168,296,0,0,279,47
Livingston,KY,9242,30.4,6.8,48182,4540,4702,1883,979,904,5353,2634,2719,2006,927,1079,206,64,142,0,0,249,0
Logan,KY,26989,48.6,3.9,46742,13311,13678,6305,3250,3055,15660,7792,7868,5024,2269,2755,565,198,367,6,0,2676,71
Lyon,KY,8009,38.9,5.1,48395,4388,3621,1164,619,545,4765,2785,1980,2080,984,1096,206,73,133,0,0,753,151
McCracken,KY,65346,263.6,5.6,48950,31393,33953,14650,7486,7164,37756,18458,19298,12940,5449,7491,1713,526,1187,58,1655957216,3202,107
McCreary,KY,17408,42.9,6.3,30029,9462,7946,3783,1968,1815,10832,6199,4633,2793,1295,1498,219,89,130,0,0,608,0
McLean,KY,9252,37.8,4.9,48080,4551,4701,2205,1132,1073,5247,2600,2647,1800,819,981,200,68,132,0,0,773,5
Madison,KY,92368,189.6,3.9,51897,44872,47496,19144,9756,9388,60487,29457,31030,12737,5659,7078,1396,472,924,12,0,1901,57
Magoffin,KY,12362,43.2,13.2,30950,6176,6186,2760,1424,1336,7479,3766,3713,2123,986,1137,182,87,95,0,0,25,0
Marion,KY,19404,57.8,3.8,45661,9605,9799,4692,2332,2360,11526,5886,5640,3186,1387,1799,427,120,307,6,0,855,0
Marshall,KY,31191,104.4,5.3,52388,15281,15910,6423,3337,3086,17959,8836,9123,6809,3108,3701,734,264,470,4,0,1531,49
Martin,KY,11323,56.3,6.5,28925,6219,5104,2220,1162,1058,7222,4194,3028,1881,863,1018,180,62,118,0,0,168,0
Mason,KY,17150,72.8,5.5,41807,8305,8845,4007,2048,1959,9996,4907,5089,3147,1350,1797,325,106,219,5,297291656,374,0
Meade,KY,28715,93.6,4.6,57613,14460,14255,6425,3295,3130,18264,9216,9048,4026,1949,2077,381,149,232,0,0,685,76
Menifee,KY,6451,31,7.6,34002,3281,3170,1193,634,559,3905,2044,1861,1353,603,750,129,38,91,0,0,271,0
Mercer,KY,21774,85.7,4.5,53921,10683,11091,4787,2491,2296,12898,6425,6473,4089,1767,2322,453,134,319,4,0,610,0
Metcalfe,KY,10030,34.9,4.1,35906,4973,5057,2363,1223,1140,5793,2917,2876,1874,833,1041,198,59,139,0,0,97,2
Monroe,KY,10718,33.3,4.1,35596,5343,5375,2420,1297,1123,6282,3171,3111,2016,875,1141,167,48,119,0,0,345,0
Montgomery,KY,28203,134.3,6,46629,13790,14413,6690,3482,3208,17042,8352,8690,4471,1956,2515,468,163,305,4,0,789,0
Morgan,KY,13345,36.5,6.3,35848,7627,5718,2438,1336,1102,8672,5237,3435,2235,1054,1181,222,87,135,0,0,50,0
Muhlenberg,KY,30774,67.4,6.7,43722,15708,15066,6357,3336,3021,18532,9792,8740,5885,2580,3305,638,192,446,6,0,15154,244
Nelson,KY,45851,104,4.3,55602,22625,23226,10814,5648,5166,27862,13791,14071,7175,3186,3989,690,210,480,4,0,1377,2
Nicholas,KY,7166,36.6,4.6,41428,3550,3616,1708,867,841,4273,2143,2130,1185,540,645,129,59,70,0,0,75,0
Ohio,KY,24087,40.6,5.7,44751,11991,12096,5886,2980,2906,13914,7016,6898,4287,1995,2292,472,166,306,4,0,4177,0
Oldham,KY,66470,322.2,3.3,102136,34810,31660,16937,8528,8409,40756,22107,18649,8777,4175,4602,761,250,511,8,480757537,2153,42
Owen,KY,10880,30.9,4.9,48998,5403,5477,2404,1204,1200,6463,3234,3229,2013,965,1048,190,53,137,0,0,39,0
Owsley,KY,4472,24.1,7.1,26278,2208,2264,1009,506,503,2586,1301,1285,877,401,476,93,40,53,0,0,104,0
Pendleton,KY,14529,53.7,4.1,54583,7406,7123,3268,1724,1544,8924,4607,4317,2337,1075,1262,239,82,157,0,0,313,0
Perry,KY,26092,84.5,6.3,33108,12836,13256,5984,3090,2894,15679,7690,7989,4429,2056,2373,397,169,228,32,0,649,0
Pike,KY,58402,82.6,5.9,37124,28499,29903,12021,6098,5923,35419,17612,17807,10962,4789,6173,1138,370,768,76,38834016,831,94
Powell,KY,12442,70.5,6,37776,6177,6265,3000,1539,1461,7467,3757,3710,1975,881,1094,167,56,111,0,0,64,0
Pulaski,KY,64623,95.8,5.1,41541,31566,33057,14373,7412,6961,38120,18684,19436,12130,5470,6660,1137,390,747,38,0,2469,111
Robertson,KY,2135,22.8,4.9,45146,1079,1056,440,230,210,1235,621,614,460,228,232,66,29,37,0,0,,
Rockcastle,KY,16750,53.9,4.9,37732,8185,8565,3600,1782,1818,10109,5047,5062,3041,1356,1685,267,98,169,0,0,630,0
Rowan,KY,24583,83.4,5.2,41196,11905,12678,4762,2435,2327,16372,7972,8400,3449,1498,1951,342,125,217,10,0,195,0
Russell,KY,17821,69.2,5.8,34648,8756,9065,4039,2070,1969,10185,4999,5186,3597,1687,1910,414,132,282,2,0,918,150
Scott,KY,56031,167.4,3.3,73500,27650,28381,14108,7115,6993,35176,17524,17652,6747,3011,3736,616,203,413,6,994965768,1759,0
Shelby,KY,48518,110.8,3.5,66056,23581,24937,11172,5761,5411,29862,14373,15489,7484,3447,4037,724,251,473,4,0,2937,146
Simpson,KY,18529,74,3.9,51769,9119,9410,4466,2303,2163,11007,5499,5508,3056,1317,1739,309,106,203,0,0,1725,121
Spencer,KY,18794,91.4,3.6,85899,9515,9279,4262,2236,2026,11905,5995,5910,2627,1284,1343,208,95,113,0,0,729,0
Taylor,KY,25549,92,4.3,45429,12483,13066,5665,2867,2798,15285,7603,7682,4599,2013,2586,500,163,337,8,0,422,2
Todd,KY,12311,33.3,4,51027,6129,6182,3290,1654,1636,7039,3572,3467,1982,903,1079,212,65,147,0,0,682,0
Trigg,KY,14643,32.5,4.7,49767,7259,7384,3206,1640,1566,8178,4024,4154,3259,1595,1664,274,102,172,0,0,377,0
Trimble,KY,8515,58.1,4.3,51674,4267,4248,1889,979,910,5137,2595,2542,1489,693,796,141,61,80,0,0,157,0
Union,KY,14505,43.8,5,47067,7556,6949,2695,1385,1310,9405,5098,4307,2405,1073,1332,238,56,182,0,0,482,0
Warren,KY,131264,210.1,3.7,53478,64205,67059,30099,15062,15037,84269,41664,42605,16896,7479,9417,1953,640,1313,52,217899971,25450,98
Washington,KY,12084,39.4,3.7,50246,5980,6104,2878,1538,1340,7030,3511,3519,2176,931,1245,276,72,204,0,0,280,0
Wayne,KY,20468,45.4,7,33701,10174,10294,4175,2143,2032,11987,6014,5973,4306,2017,2289,392,158,234,0,0,417,0
Webster,KY,13111,41,4.2,47132,6487,6624,3083,1515,1568,7745,3945,3800,2283,1027,1256,256,90,166,0,0,1303,0
Whitley,KY,36242,81.4,5,36863,17835,18407,9150,4747,4403,21313,10489,10824,5779,2599,3180,568,185,383,10,0,546,0
Wolfe,KY,7177,33.1,7.7,30144,3515,3662,1650,858,792,4139,2012,2127,1388,645,743,129,40,89,0,0,13,0
Woodford,KY,26533,132.1,3.1,66164,12773,13760,5848,2948,2900,15697,7565,8132,4988,2260,2728,464,154,310,0,0,1111,0
Acadia Parish,LA,62190,94.3,5.4,40484,30342,31848,16074,8279,7795,36625,17917,18708,9491,4146,5345,1141,337,804,4,0,,
Allen Parish,LA,25605,33.8,5.6,44395,14516,11089,5644,2922,2722,16117,9881,6236,3844,1713,2131,437,155,282,3,0,,
Ascension Parish,LA,124672,369.7,4.1,77758,61555,63117,33371,17112,16259,76567,37805,38762,14734,6638,8096,1274,427,847,0,0,,
Assumption Parish,LA,22300,69.2,6.7,48120,10819,11481,4792,2403,2389,13488,6536,6952,4020,1880,2140,474,167,307,0,0,,
Avoyelles Parish,LA,40462,50.5,5.7,37731,20408,20054,9545,4971,4574,24067,12463,11604,6850,2974,3876,830,264,566,2,0,,
Beauregard Parish,LA,37253,30.8,5.3,57005,18888,18365,9168,4685,4483,22214,11568,10646,5871,2635,3236,574,215,359,6,0,,
Bienville Parish,LA,13308,17.7,5.8,34047,6381,6927,2976,1475,1501,7547,3714,3833,2785,1192,1593,420,124,296,0,0,,
Bossier Parish,LA,127185,139.3,4.3,56754,62919,64266,31589,16265,15324,77356,38651,38705,18240,8003,10237,2125,759,1366,0,1387480716,,
Caddo Parish,LA,242922,290.2,5.5,40467,114969,127953,57537,28962,28575,143779,68405,75374,41606,17602,24004,5380,1814,3566,107,3583583467,,
Calcasieu Parish,LA,203112,181.2,3.8,50531,99313,103799,50566,25990,24576,122489,60032,62457,30057,13291,16766,3214,1188,2026,75,1218491523,,
Caldwell Parish,LA,9960,19.1,5.7,40842,5124,4836,2305,1203,1102,5886,3142,2744,1769,779,990,185,51,134,0,0,,
Cameron Parish,LA,6968,5.3,3.5,57299,3468,3500,1541,775,766,4278,2161,2117,1149,532,617,121,44,77,0,0,,
Catahoula Parish,LA,9608,14.7,6.8,35812,5078,4530,2053,1019,1034,5876,3298,2578,1679,761,918,164,57,107,0,0,,
Claiborne Parish,LA,15944,22.8,5.2,33659,9028,6916,2884,1440,1444,10014,6211,3803,3046,1377,1669,397,130,267,4,0,,
Concordia Parish,LA,19572,29.9,7,35840,9931,9641,4690,2417,2273,11503,6073,5430,3379,1441,1938,395,148,247,5,0,,
De Soto Parish,LA,27436,30.4,5.7,44457,13232,14204,6571,3399,3172,15967,7701,8266,4898,2132,2766,535,203,332,0,0,,
East Baton Rouge Parish,LA,440956,966.6,4.3,52945,210609,230347,99927,50453,49474,278501,133657,144844,62528,26499,36029,7067,2286,4781,124,3411258686,,
East Carroll Parish,LA,7037,18.4,10.3,27714,3811,3226,1734,863,871,4264,2519,1745,1039,429,610,118,32,86,0,0,,
East Feliciana Parish,LA,19305,44.7,4.7,45174,10486,8819,3528,1815,1713,12356,7024,5332,3421,1647,1774,291,146,145,0,0,,
Evangeline Parish,LA,33443,51.3,5.8,34113,17001,16442,8377,4221,4156,19939,10490,9449,5127,2290,2837,541,189,352,24,0,,
Franklin Parish,LA,20156,33.2,7.1,34446,9752,10404,5154,2599,2555,11397,5641,5756,3605,1512,2093,461,126,335,6,0,,
Grant Parish,LA,22482,34.7,5.9,43502,12576,9906,4744,2454,2290,14318,8508,5810,3420,1614,1806,317,124,193,0,0,,
Iberia Parish,LA,70941,127.6,5.8,42909,34708,36233,18322,9294,9028,41991,20587,21404,10628,4827,5801,1133,421,712,11,329780549,,
Iberville Parish,LA,32721,54,6.2,47917,16553,16168,6743,3438,3305,20797,10831,9966,5181,2284,2897,595,199,396,0,0,,
Jackson Parish,LA,15902,28.6,4.6,40828,8158,7744,3490,1852,1638,9246,4896,4350,3166,1410,1756,388,132,256,0,0,,
Jefferson Parish,LA,434051,1463.1,4.4,50871,210118,223933,95458,48763,46695,264263,129146,135117,74330,32209,42121,9218,3069,6149,215,2804018354,,
Jefferson Davis Parish,LA,31582,48.5,4.7,44492,15468,16114,8117,4193,3924,18306,8984,9322,5159,2291,2868,629,273,356,5,0,,
Lafayette Parish,LA,242782,824.6,4.5,57821,118148,124634,57350,29074,28276,153365,75014,78351,32067,14060,18007,3660,1202,2458,80,2452279189,,
Lafourche Parish,LA,98115,90.2,4.7,52651,48123,49992,22793,11584,11209,60154,29827,30327,15168,6712,8456,1795,617,1178,21,672214632,,
LaSalle Parish,LA,14917,23.8,4.4,45742,7732,7185,3419,1736,1683,8974,4878,4096,2524,1118,1406,280,97,183,0,0,,
Lincoln Parish,LA,47196,99.1,5.2,36525,22948,24248,9452,4763,4689,31348,15469,15879,6396,2716,3680,882,275,607,17,0,,
Livingston Parish,LA,139567,197.5,4.1,63088,68810,70757,35715,18175,17540,85430,42331,43099,18422,8304,10118,1495,590,905,0,0,,
Madison Parish,LA,11161,19.4,8.3,28452,5540,5621,2649,1331,1318,6906,3481,3425,1606,728,878,207,79,128,0,0,,
Morehouse Parish,LA,25398,35.2,8.2,34023,12212,13186,6136,3148,2988,14499,6993,7506,4763,2071,2692,598,205,393,12,0,,
Natchitoches Parish,LA,38659,31.6,5.8,36298,18589,20070,9063,4707,4356,23181,11034,12147,6415,2848,3567,747,275,472,8,0,,
Orleans Parish,LA,391006,2029.4,5,38855,185068,205938,78086,39448,38638,255160,120876,134284,57760,24744,33016,6624,2204,4420,111,74,,
Ouachita Parish,LA,154475,251.8,5.2,44371,74050,80425,38427,19571,18856,93201,44844,48357,22847,9635,13212,2732,958,1774,88,2195235336,,
Plaquemines Parish,LA,23410,29.5,4.6,58643,11805,11605,6058,3148,2910,14209,7211,6998,3143,1446,1697,333,98,235,0,153370597,,
Pointe Coupee Parish,LA,21940,40.9,5.4,46603,10543,11397,4793,2431,2362,12631,6119,6512,4516,1993,2523,509,203,306,0,0,,
Rapides Parish,LA,130562,99.9,5.3,48116,63168,67394,32250,16468,15782,76937,37510,39427,21375,9190,12185,2523,849,1674,26,0,,
Red River Parish,LA,8477,23.4,4.4,36865,4078,4399,1980,1021,959,4878,2385,2493,1619,672,947,186,41,145,0,0,,
Richland Parish,LA,20192,37.1,6.2,35103,9852,10340,4706,2469,2237,11942,5797,6145,3544,1586,1958,400,133,267,2,0,,
Sabine Parish,LA,24032,28,5.2,36423,11862,12170,5668,2906,2762,13384,6601,6783,4980,2355,2625,553,186,367,0,0,,
St. Bernard Parish,LA,46721,95.1,5,43983,22896,23825,12440,6360,6080,28941,14079,14862,5340,2457,2883,567,195,372,8,1853762443,,
St. Charles Parish,LA,52879,189.1,4.4,67585,25940,26939,12922,6595,6327,32783,16055,16728,7174,3290,3884,730,303,427,8,0,,
St. Helena Parish,LA,10262,27.4,6.6,38699,4947,5315,2161,1087,1074,6055,2952,3103,2046,908,1138,211,87,124,0,0,,
St. James Parish,LA,21037,91.5,6.2,53903,10161,10876,4748,2417,2331,12679,6180,6499,3610,1564,2046,361,138,223,0,0,,
St. John the Baptist Parish,LA,43184,215.5,5.7,50830,21066,22118,10617,5392,5225,26423,12814,13609,6144,2860,3284,572,235,337,0,0,,
St. Landry Parish,LA,82764,90.3,6.2,36624,39950,42814,22230,11411,10819,47206,22758,24448,13328,5781,7547,1499,484,1015,16,0,,
St. Martin Parish,LA,53621,70.7,5.2,46229,26359,27262,12978,6550,6428,32586,16112,16474,8057,3697,4360,809,315,494,0,0,,
St. Mary Parish,LA,49774,98.4,6.6,39764,24545,25229,11865,6063,5802,29667,14739,14928,8242,3743,4499,963,344,619,15,0,,
St. Tammany Parish,LA,258111,276.4,4.2,67054,125280,132831,61917,31460,30457,152500,74044,78456,43694,19776,23918,4460,1577,2883,149,115344985,,
Tangipahoa Parish,LA,133777,153,5.5,47128,64790,68987,32761,16638,16123,81786,39568,42218,19230,8584,10646,1855,651,1204,64,372142919,,
Tensas Parish,LA,4462,8.7,7.7,28962,2158,2304,1022,530,492,2351,1145,1206,1089,483,606,130,38,92,0,0,,
Terrebonne Parish,LA,111021,90.8,5,51665,54649,56372,28090,14340,13750,66947,33178,33769,15984,7131,8853,1667,643,1024,26,2237306724,,
Union Parish,LA,22330,25.9,5.7,43584,11056,11274,4888,2496,2392,12852,6392,6460,4590,2168,2422,533,213,320,0,0,,
Vermilion Parish,LA,59830,49.4,5.3,48263,28974,30856,15229,7739,7490,35489,17210,18279,9112,4025,5087,1149,402,747,6,0,,
Vernon Parish,LA,48860,39.4,6.6,47664,26045,22815,12129,6179,5950,30772,17195,13577,5959,2671,3288,574,245,329,7,0,,
Washington Parish,LA,46582,70.4,5.7,36850,23027,23555,11232,5769,5463,26995,13529,13466,8355,3729,4626,884,341,543,13,0,,
Webster Parish,LA,38798,69.5,6.1,35070,18861,19937,8780,4537,4243,22352,11050,11302,7666,3274,4392,937,308,629,16,0,,
West Baton Rouge Parish,LA,26427,123.6,4.4,58205,13047,13380,6461,3271,3190,16359,8143,8216,3607,1633,1974,389,133,256,0,0,,
West Carroll Parish,LA,10982,32.3,9.2,39332,5588,5394,2533,1347,1186,6359,3322,3037,2090,919,1171,224,75,149,0,0,,
West Feliciana Parish,LA,15460,38.8,4,60296,10106,5354,2500,1244,1256,10637,7663,2974,2323,1199,1124,267,112,155,0,0,,
Winn Parish,LA,14134,16.1,6.3,40133,7575,6559,2968,1497,1471,8540,4919,3621,2626,1159,1467,321,96,225,5,0,,
Androscoggin,ME,107679,230.2,3.3,49935,52706,54973,23332,11866,11466,65256,32225,33031,19091,8615,10476,2432,860,1572,54,1921296388,5630,84
Aroostook,ME,67111,10.8,4.8,39450,33186,33925,12226,6306,5920,38689,19474,19215,16196,7406,8790,2109,698,1411,12,0,290,10
Cumberland,ME,293557,337.2,2.7,71586,142464,151093,54796,28058,26738,184600,90669,93931,54161,23737,30424,6963,2264,4699,72,4894323387,37004,1561
Franklin,ME,29897,18.1,4,49561,14676,15221,5235,2677,2558,17957,8766,9191,6705,3233,3472,703,275,428,5,0,1394,37
Hancock,ME,54811,34.3,3.8,52148,26549,28262,9364,4752,4612,31958,15646,16312,13489,6151,7338,1543,518,1025,6,0,487,24
Kennebec,ME,122083,140.8,3.2,52154,59519,62564,23566,11994,11572,74167,36442,37725,24350,11083,13267,2991,1091,1900,16,1668118261,5741,338
Knox,ME,39771,108.8,3.2,56678,19617,20154,7081,3696,3385,22633,11385,11248,10057,4536,5521,1231,453,778,8,0,948,0
Lincoln,ME,34342,75.6,3.3,56211,16852,17490,5731,3018,2713,19093,9447,9646,9518,4387,5131,1092,405,687,4,,909,0
Oxford,ME,57618,27.8,4,44243,28505,29113,10624,5460,5164,34511,17114,17397,12483,5931,6552,1387,514,873,6,0,1071,0
Penobscot,ME,151096,45.3,3.8,47840,74754,76342,27394,14144,13250,95498,47819,47679,28204,12791,15413,3586,1321,2265,51,2815227152,4110,18
Piscataquis,ME,16800,4.4,4.2,40066,8378,8422,2828,1422,1406,9483,4687,4796,4489,2269,2220,528,238,290,0,,43,0
Sagadahoc,ME,35634,139.1,2.7,65969,17314,18320,6819,3490,3329,20934,10205,10729,7881,3619,4262,815,280,535,0,0,1267,4
Somerset,ME,50592,13.3,4.8,43755,25163,25429,9610,4906,4704,30452,15229,15223,10530,5028,5502,1074,403,671,4,,921,0
Waldo,ME,39694,53.1,3.5,49482,19517,20177,7295,3755,3540,23474,11553,11921,8925,4209,4716,889,338,551,4,0,2444,574
Washington,ME,31490,12.8,4.9,39522,15567,15923,5938,3041,2897,17865,8912,8953,7687,3614,4073,805,279,526,0,0,106,0
York,ME,206229,199,3,65984,100606,105623,38565,19967,18598,125431,61722,63709,42233,18917,23316,5271,1816,3455,14,1388220719,14020,385
Allegany,MD,70975,177,5.5,43535,36998,33977,12321,6407,5914,44254,24237,20017,14400,6354,8046,1931,673,1258,15,243423178,6023,451
Anne Arundel,MD,576031,1295.9,3.3,97051,285333,290698,128107,65299,62808,363374,182455,180919,84550,37579,46971,9613,3453,6160,53,2615263019,114155,5308
Baltimore,MD,828431,1345.5,4,75836,392710,435721,178931,91233,87698,507190,241733,265457,142310,59744,82566,22567,7620,14947,123,6535931504,187734,8786
Calvert,MD,92003,416.3,3.5,106270,45613,46390,21300,10909,10391,57016,28397,28619,13687,6307,7380,1578,512,1066,4,1351387938,10407,510
Caroline,MD,33304,103.5,3.8,56627,16326,16978,7907,3997,3910,19987,9889,10098,5410,2440,2970,614,195,419,0,1204813949,6474,1
Carroll,MD,168429,373.4,3.2,95956,83295,85134,36532,18723,17809,103519,51946,51573,28378,12626,15752,3589,1245,2344,10,722285326,29100,2945
Cecil,MD,102826,292,4.4,72739,51039,51787,23268,11960,11308,63372,31572,31800,16186,7507,8679,1594,564,1030,5,2308781503,11854,597
Charles,MD,161503,320.2,3.9,92616,77776,83727,38703,19744,18959,102602,49222,53380,20198,8810,11388,2015,690,1325,10,2845130244,35726,2376
Dorchester,MD,31998,60.3,5.2,48682,15211,16787,6752,3490,3262,18335,8622,9713,6911,3099,3812,859,316,543,0,2680840934,3918,95
Frederick,MD,255648,353.5,3.5,95196,126126,129522,59180,30355,28825,159496,79420,80076,36972,16351,20621,4720,1468,3252,18,2906795477,58607,3318
Garrett,MD,29163,46.5,4.8,49147,14389,14774,5426,2798,2628,17213,8568,8645,6524,3023,3501,765,238,527,2,0,349,0
Harford,MD,253956,560.1,3.6,87959,124388,129568,56335,28996,27339,156493,77278,79215,41128,18114,23014,4554,1474,3080,19,1881334621,26573,1176
Howard,MD,323196,1144.9,3,116719,158137,165059,78743,40320,38423,199824,97768,102056,44629,20049,24580,4595,1732,2863,16,3195113775,57493,1540
Kent,MD,19383,72.9,4.3,55514,9242,10141,3066,1537,1529,11140,5373,5767,5177,2332,2845,718,259,459,6,1110008683,4854,418
Montgomery,MD,1052567,1978.2,3.2,107758,508919,543648,244355,124885,119470,644696,313428,331268,163516,70606,92910,24303,8471,15832,150,7012066217,318010,16717
Prince George's,MD,909308,1788.8,4.1,82445,437746,471562,202301,102794,99507,586407,284961,301446,120600,49991,70609,11829,3883,7946,89,5911093772,435434,15550
Queen Anne's,MD,50251,128.5,3.3,93751,24945,25306,10820,5528,5292,29969,14970,14999,9462,4447,5015,988,407,581,0,1261348037,4281,351
St. Mary's,MD,112664,294.4,3.8,89964,56159,56505,27236,13765,13471,70698,35535,35163,14730,6859,7871,1625,679,946,12,2164093729,12110,425
Somerset,MD,25675,82.8,6.9,42098,13878,11797,4385,2243,2142,16938,9613,7325,4352,2022,2330,525,167,358,0,1347908438,2007,20
Talbot,MD,36968,140.7,3.7,64245,17461,19507,6715,3410,3305,19449,9256,10193,10804,4795,6009,1536,598,938,16,205558741,2613,60
Washington,MD,150926,322.1,4.3,62556,76833,74093,32969,16836,16133,91951,48484,43467,26006,11513,14493,3616,1306,2310,48,1578158511,13359,327
Wicomico,MD,103195,263.7,5.2,54313,48895,54300,22716,11515,11201,64081,30240,33841,16398,7140,9258,1988,693,1295,24,1834262838,26577,650
Worcester,MD,51823,109.9,8,59266,25127,26696,8903,4522,4381,28499,13977,14522,14421,6628,7793,1619,595,1024,6,2183179552,5233,207
Baltimore city,MD,602495,7671.5,5.7,50501,282375,320120,123177,62373,60804,394931,185955,208976,84387,34047,50340,10662,3348,7314,508,,153703,7214
Barnstable,MA,213413,548.3,4.3,69001,102092,111321,32172,16339,15833,115942,56887,59055,65299,28866,36433,8640,3135,5505,34,1293541598,53132,3232
Berkshire,MA,126348,141.6,4,58375,61187,65161,21362,10887,10475,75588,37153,38435,29398,13147,16251,4283,1474,2809,24,2416376672,26979,1895
Bristol,MA,564022,991.3,4.3,66005,273143,290879,116099,59037,57062,352459,173020,179439,95464,41086,54378,13697,4325,9372,96,3342404675,224975,11583
Dukes,MA,17352,160.2,4.6,70224,8557,8795,3042,1562,1480,10091,5069,5022,4219,1926,2293,428,158,270,0,56,1099,42
Essex,MA,790638,1508.8,3.4,76373,381264,409374,168488,86239,82249,487354,237064,250290,134796,57961,76835,19209,6263,12946,98,4591172564,507598,27975
Franklin,MA,70963,102.1,3,58992,34435,36528,12407,6329,6078,42932,21051,21881,15624,7055,8569,1818,606,1212,6,2217250563,14457,2069
Hampden,MA,470406,751,4.6,52682,227388,243018,101140,52111,49029,290217,141334,148883,79049,33943,45106,11621,3733,7888,119,5374781104,219206,20466
Hampshire,MA,161355,299.8,3,74456,75345,86010,23689,12045,11644,109858,51037,58821,27808,12263,15545,3593,1220,2373,11,472790148,31080,2305
Middlesex,MA,1614714,1837.9,2.7,100374,790488,824226,318831,162865,155966,1049495,520877,528618,246388,106746,139642,35499,12286,23213,216,7094244108,804802,50542
Nantucket,MA,11327,226.2,4.4,97525,5769,5558,2398,1177,1221,7249,3786,3463,1680,806,874,219,87,132,0,1023550196,677,0
Norfolk,MA,705388,1693.6,3,100184,339234,366154,147749,75323,72426,438757,213268,225489,118882,50643,68239,18226,6039,12187,59,5636638649,326633,27647
Plymouth,MA,518132,750.9,3.5,89678,251872,266260,110660,56653,54007,313608,153866,159742,93864,41353,52511,11407,3809,7598,47,4732070372,289922,16941
Suffolk,MA,807252,12415.6,3,68743,390083,417169,134089,67912,66177,576512,281495,295017,96651,40676,55975,13348,4420,8928,447,9194202251,710328,29413
Worcester,MA,830839,528.6,3.5,71767,409671,421168,174732,89492,85240,526129,262419,263710,129978,57760,72218,17864,5953,11911,169,4411762879,354986,19681
Alcona,MI,10362,16.2,6.6,39862,5224,5138,1322,664,658,5327,2698,2629,3713,1862,1851,361,146,215,0,0,271,32
Alger,MI,9097,10.5,7.8,47441,5033,4064,1360,679,681,5402,3192,2210,2335,1162,1173,242,86,156,0,0,,
Allegan,MI,117327,135,3.3,62247,58615,58712,28372,14493,13879,69541,35096,34445,19414,9026,10388,2004,688,1316,0,0,6387,120
Alpena,MI,28360,51.8,5.1,42792,13976,14384,5241,2647,2594,16472,8301,8171,6647,3028,3619,897,305,592,9,0,3402,283
Antrim,MI,23365,49.6,5.6,56456,11617,11748,4239,2139,2100,12784,6413,6371,6342,3065,3277,675,260,415,0,0,562,1
Arenac,MI,15041,43.8,7.1,42540,7584,7457,2732,1384,1348,8562,4366,4196,3747,1834,1913,381,153,228,5,473749912,1195,42
Baraga,MI,8320,9.9,6.1,43435,4586,3734,1457,713,744,5023,2985,2038,1840,888,952,213,76,137,0,0,46,0
Barry,MI,61157,107,3.4,64121,30784,30373,13514,6896,6618,36389,18569,17820,11254,5319,5935,1167,407,760,0,0,2170,59
Bay,MI,103923,243.7,4.8,50576,51068,52855,21084,10852,10232,61644,30817,30827,21195,9399,11796,2791,842,1949,32,4296963245,9358,477
Benzie,MI,17753,54.8,5.5,51905,8814,8939,3239,1681,1558,9875,4907,4968,4639,2226,2413,527,207,320,0,0,178,0
Berrien,MI,154141,276.2,4.3,51509,75450,78691,33571,17083,16488,90168,44845,45323,30402,13522,16880,3988,1419,2569,20,373559258,18902,1189
Branch,MI,43622,89.4,3.7,50477,22485,21137,10111,5107,5004,25579,13734,11845,7932,3644,4288,823,278,545,10,0,3732,110
Calhoun,MI,134487,192.8,4.2,48413,65817,68670,30801,15885,14916,79699,39290,40409,23987,10642,13345,3130,1075,2055,32,2648571907,12780,708
Cass,MI,51653,106.7,4.1,55978,25919,25734,10646,5506,5140,30145,15265,14880,10862,5148,5714,1000,366,634,0,1273346495,2256,104
Charlevoix,MI,26244,62.3,4.7,54491,12988,13256,4955,2492,2463,14890,7465,7425,6399,3031,3368,709,270,439,0,0,783,49
Cheboygan,MI,25413,36.6,9.2,48589,12673,12740,4163,2174,1989,14323,7137,7186,6927,3362,3565,734,280,454,0,0,974,58
Chippewa,MI,37517,24.7,6.6,47380,20711,16806,6877,3500,3377,23898,13947,9951,6742,3264,3478,776,306,470,6,0,111,8
Clare,MI,30757,54.8,6.1,39394,15375,15382,6092,3116,2976,17324,8712,8612,7341,3547,3794,705,272,433,0,0,641,80
Clinton,MI,79332,133.1,3.2,70967,39234,40098,17756,9012,8744,48134,23982,24152,13442,6240,7202,1525,548,977,2,0,6867,456
Crawford,MI,13901,25.3,6,46930,7062,6839,2486,1274,1212,7845,3980,3865,3570,1808,1762,381,170,211,6,0,2439,185
Delta,MI,35857,31.7,5.3,49292,17808,18049,7053,3610,3443,20139,10184,9955,8665,4014,4651,1210,408,802,9,0,760,94
Dickinson,MI,25383,34.4,3.8,52348,12723,12660,5151,2623,2528,14626,7450,7176,5606,2650,2956,893,345,548,6,0,220,110
Eaton,MI,109826,187.4,3.5,66716,53971,55855,22712,11669,11043,66710,33039,33671,20404,9263,11141,2289,849,1440,0,1315416879,7575,309
Emmet,MI,33308,69.9,5.9,58891,16414,16894,6375,3287,3088,19428,9623,9805,7505,3504,4001,904,306,598,58,0,1214,120
Genesee,MI,406892,668.5,4.9,48370,196242,210650,91550,46877,44673,244206,118348,125858,71136,31017,40119,8874,3102,5772,151,3123823955,88802,9879
Gladwin,MI,25337,51.2,5.6,44635,12814,12523,4758,2479,2279,13810,7041,6769,6769,3294,3475,663,264,399,0,0,751,42
Gogebic,MI,15096,14.9,5.1,39934,8126,6970,2359,1215,1144,8831,5012,3819,3906,1899,2007,590,200,390,5,0,257,67
Grand Traverse,MI,92573,187.3,3.7,64591,45296,47277,18730,9583,9147,55416,27456,27960,18427,8257,10170,2294,759,1535,20,4861160163,1213,264
Gratiot,MI,40599,74.7,4.7,48988,21804,18795,7954,4085,3869,25539,14536,11003,7106,3183,3923,1092,376,716,0,0,1666,147
Hillsdale,MI,45749,78.1,4,50388,22763,22986,9996,5102,4894,26778,13471,13307,8975,4190,4785,1000,330,670,4,0,7285,957
Houghton,MI,36219,36.3,5.1,42282,19588,16631,7236,3713,3523,22645,12867,9778,6338,3008,3330,850,309,541,5,0,129,0
Huron,MI,31166,39.6,4.6,45817,15439,15727,6005,3022,2983,17348,8796,8552,7813,3621,4192,1007,359,648,4,0,1395,31
Ingham,MI,292735,505.1,3.6,52837,142571,150164,58406,29663,28743,194870,95711,99159,39459,17197,22262,4752,1587,3165,219,509674699,28353,775
Ionia,MI,64210,111.9,3.4,61667,34441,29769,14277,7301,6976,40456,22705,17751,9477,4435,5042,932,350,582,2,0,4419,132
Iosco,MI,25081,47.1,6.4,41256,12437,12644,4109,2067,2042,13551,6804,6747,7421,3566,3855,809,332,477,4,0,2482,307
Iron,MI,11117,10.1,5.6,40959,5548,5569,1846,925,921,5869,2980,2889,3402,1643,1759,560,186,374,3,0,,
Isabella,MI,70562,122.8,3.9,47056,34331,36231,12146,6186,5960,49507,24124,25383,8909,4021,4888,1032,318,714,8,0,3248,358
Jackson,MI,158823,228.4,3.9,52047,81111,77712,34067,17537,16530,96474,50602,45872,28282,12972,15310,3501,1242,2259,51,2619960524,19201,1077
Kalamazoo,MI,264870,445.7,3.4,55881,129661,135209,57311,29344,27967,167929,83074,84855,39630,17243,22387,5263,1776,3487,34,3719332568,25567,1414
Kalkaska,MI,17824,30.6,5.9,46068,9146,8678,3743,1939,1804,10454,5377,5077,3627,1830,1797,273,112,161,0,0,990,120
Kent,MI,653786,711.5,3,61675,322336,331450,157809,80815,76994,406681,202060,204621,89296,39461,49835,11960,4224,7736,150,4874968099,100897,2265
Keweenaw,MI,2113,4,6.9,51641,1085,1028,313,158,155,1023,523,500,777,404,373,64,22,42,0,0,,
Lake,MI,11881,20.3,6.9,36044,6041,5840,1923,980,943,6557,3299,3258,3401,1762,1639,284,130,154,0,0,140,0
Lapeer,MI,88028,137.4,5.2,65209,44635,43393,18175,9359,8816,53890,27745,26145,15963,7531,8432,1510,526,984,10,403479716,8924,1279
Leelanau,MI,21764,62.5,4.2,67349,10748,11016,3495,1808,1687,11538,5674,5864,6731,3266,3465,831,342,489,0,516500751,493,0
Lenawee,MI,98266,133.3,4.1,55762,49663,48603,20713,10681,10032,58908,30573,28335,18645,8409,10236,2142,761,1381,0,0,5868,90
Livingston,MI,191224,320.2,3.3,84048,95837,95387,40616,20829,19787,117688,59569,58119,32920,15439,17481,3378,1244,2134,8,0,19250,977
Luce,MI,6283,7.4,6.2,43196,3699,2584,1037,554,483,3954,2517,1437,1292,628,664,165,64,101,0,0,85,0
Mackinac,MI,10787,10.9,9.7,46645,5508,5279,1698,863,835,6064,3152,2912,3025,1493,1532,322,114,208,0,0,310,0
Macomb,MI,874759,1754.9,4,62191,425844,448915,184009,94099,89910,542114,267480,274634,148636,64265,84371,19778,6614,13164,122,3391426939,307543,32173
Manistee,MI,24528,45.6,5.7,47401,12682,11846,4264,2091,2173,13946,7549,6397,6318,3042,3276,722,281,441,0,0,619,0
Marquette,MI,66516,37.1,4.9,54093,33344,33172,12044,6102,5942,41753,21114,20639,12719,6128,6591,1653,647,1006,30,197718694,2432,425
Mason,MI,29100,58,4.9,51083,14447,14653,5889,3045,2844,16357,8200,8157,6854,3202,3652,792,282,510,6,0,831,0
Mecosta,MI,43545,77.1,5,45804,21849,21696,7993,4074,3919,27577,14059,13518,7975,3716,4259,778,272,506,4,412609192,866,95
Menominee,MI,22983,23,4,46486,11696,11287,4181,2204,1977,13150,6797,6353,5652,2695,2957,772,296,476,0,0,259,0
Midland,MI,83209,162,4,58057,41035,42174,17679,9039,8640,50254,25248,25006,15276,6748,8528,2182,790,1392,26,491654076,3399,291
Missaukee,MI,15113,26.3,5,48413,7682,7431,3474,1796,1678,8540,4388,4152,3099,1498,1601,329,125,204,0,0,670,66
Monroe,MI,150439,276.7,4.2,62522,74251,76188,32193,16321,15872,90984,45598,45386,27262,12332,14930,3290,1072,2218,0,1536308653,18925,732
Montcalm,MI,63968,89.8,4.2,50396,33093,30875,14221,7260,6961,38552,20629,17923,11195,5204,5991,1226,444,782,12,0,2419,55
Montmorency,MI,9265,17.9,8.6,40650,4722,4543,1390,739,651,4883,2458,2425,2992,1525,1467,308,120,188,0,0,226,0
Muskegon,MI,173588,344.9,4.5,49960,86240,87348,40082,20324,19758,103982,52714,51268,29524,13202,16322,3514,1218,2296,37,1945107665,18130,982
Newaygo,MI,48892,59.6,4.3,48860,24542,24350,11024,5586,5438,28511,14426,14085,9357,4530,4827,972,361,611,9,0,1997,0
Oakland,MI,1259201,1385.7,3.3,80319,617094,642107,264031,135024,129007,783643,389445,394198,211527,92625,118902,27550,9330,18220,409,2742193015,411446,39522
Oceana,MI,26625,51.9,6.1,50374,13491,13134,6080,3127,2953,15066,7719,7347,5479,2645,2834,550,223,327,0,0,1688,74
Ogemaw,MI,20952,38.5,7,41201,10439,10513,3880,1983,1897,11658,5839,5819,5414,2617,2797,570,210,360,10,0,712,4
Ontonagon,MI,5795,5.2,7.8,40798,2943,2852,736,372,364,2962,1497,1465,2097,1074,1023,191,67,124,0,0,,
Osceola,MI,23341,41.5,4.4,45607,11772,11569,5209,2735,2474,13185,6678,6507,4947,2359,2588,484,175,309,4,0,464,0
Oscoda,MI,8276,15.3,6.4,38927,4242,4034,1610,865,745,4414,2220,2194,2252,1157,1095,213,83,130,0,0,262,24
Otsego,MI,24665,46.9,5.2,51292,12228,12437,5209,2660,2549,14243,7122,7121,5213,2446,2767,596,226,370,4,0,4681,407
Ottawa,MI,290494,468.2,2.8,70420,143564,146930,69797,35800,33997,177205,88018,89187,43492,19746,23746,5575,2000,3575,22,2023408409,19350,815
Presque Isle,MI,12738,20.3,8,45502,6334,6404,2040,1008,1032,6697,3331,3366,4001,1995,2006,522,225,297,0,0,462,0
Roscommon,MI,23884,47.1,7.8,38613,11957,11927,3514,1819,1695,12597,6239,6358,7773,3899,3874,689,298,391,0,0,894,0
Saginaw,MI,190800,250.2,4.8,48805,92674,98126,40727,20831,19896,113290,55775,57515,36783,16068,20715,4978,1708,3270,133,3399116904,37811,3502
St. Clair,MI,159337,226.1,4.7,56557,79205,80132,33131,17095,16036,96184,48348,47836,30022,13762,16260,3489,1248,2241,23,2887832266,18586,1197
St. Joseph,MI,61043,122.4,3.7,52689,30446,30597,14907,7638,7269,35153,17824,17329,10983,4984,5999,1330,465,865,8,0,3075,61
Sanilac,MI,41182,44.8,5.1,46184,20546,20636,8815,4496,4319,23548,11890,11658,8819,4160,4659,952,394,558,0,0,1965,232
Schoolcraft,MI,8068,7.2,7.1,44887,3980,4088,1370,697,673,4536,2244,2292,2162,1039,1123,259,93,166,0,0,179,0
Shiawassee,MI,68192,133.1,4.3,54149,33706,34486,14424,7387,7037,41245,20658,20587,12523,5661,6862,1382,484,898,7,129085106,9223,681
Tuscola,MI,52516,69.4,5.5,51113,26385,26131,10732,5649,5083,31149,15814,15335,10635,4922,5713,1136,409,727,0,0,6489,836
Van Buren,MI,75448,125.5,4.8,57363,37451,37997,17518,8946,8572,44263,22108,22155,13667,6397,7270,1497,566,931,0,80279374,3992,185
Washtenaw,MI,370963,488.4,3,72267,184083,186880,68932,35208,33724,250654,125796,124858,51377,23079,28298,6013,2129,3884,92,664850014,62759,3565
Wayne,MI,1753893,2974.4,5.2,46440,844609,909284,414221,211305,202916,1069118,518712,550406,270554,114592,155962,36445,12148,24297,586,4833192745,961043,96280
Wexford,MI,33466,57.9,4.7,46396,16766,16700,7761,3930,3831,19317,9762,9555,6388,3074,3314,776,301,475,6,0,541,90
Aitkin,MN,15902,8.9,5.6,44016,8034,7868,2658,1383,1275,7993,4025,3968,5251,2626,2625,535,222,313,4,0,125,0
Anoka,MN,353813,782.1,2.8,82284,176976,176837,84396,43029,41367,219705,111330,108375,49712,22617,27095,5100,1917,3183,35,2318721414,27562,1296
Becker,MN,34371,24.7,3.6,59440,17140,17231,8391,4234,4157,18928,9542,9386,7052,3364,3688,812,308,504,8,1037365727,884,0
Beltrami,MN,46847,17.7,4.1,47073,23406,23441,11769,6112,5657,27530,13779,13751,7548,3515,4033,1038,401,637,10,0,449,0
Benton,MN,40545,94.2,3.5,61341,20233,20312,10255,5219,5036,24581,12471,12110,5709,2543,3166,1005,324,681,0,3023331412,3690,59
Big Stone,MN,4989,10.6,3.8,51058,2475,2514,1052,550,502,2613,1338,1275,1324,587,737,268,97,171,0,0,126,0
Blue Earth,MN,67427,85.6,2.5,58132,33935,33492,13246,6936,6310,44813,22786,22027,9368,4213,5155,1461,477,984,29,0,3394,10
Brown,MN,25111,42.4,3.4,60626,12509,12602,5494,2909,2585,14374,7217,7157,5243,2383,2860,997,337,660,0,0,522,70
Carlton,MN,35837,41.1,4.1,60412,18690,17147,8042,4118,3924,21659,11743,9916,6136,2829,3307,806,244,562,6,0,2934,0
Carver,MN,103551,256.9,2.5,104248,51395,52156,27701,14127,13574,63407,31646,31761,12443,5622,6821,1562,514,1048,25,881547644,4026,40
Cass,MN,29519,14.1,5.1,48651,15078,14441,6243,3291,2952,15617,7903,7714,7659,3884,3775,740,292,448,0,0,404,44
Chippewa,MN,11924,21.4,3.2,53540,5986,5938,2808,1422,1386,6590,3413,3177,2526,1151,1375,430,149,281,0,0,801,6
Chisago,MN,55922,129.9,3.4,82814,28861,27061,12729,6547,6182,34581,18170,16411,8612,4144,4468,960,345,615,10,5129605,1214,59
Clay,MN,63955,56.4,2.9,65914,31670,32285,15804,8120,7684,39738,19741,19997,8413,3809,4604,1336,458,878,0,445093295,10958,678
Clearwater,MN,8810,8.7,8.1,51475,4504,4306,2185,1143,1042,4843,2485,2358,1782,876,906,237,103,134,0,0,143,0
Cook,MN,5393,3.6,3.5,54465,2698,2695,851,447,404,3002,1492,1510,1540,759,781,163,53,110,0,0,,
Cottonwood,MN,11277,18.3,3.6,51788,5636,5641,2756,1434,1322,5949,3035,2914,2572,1167,1405,454,164,290,0,0,1833,0
Crow Wing,MN,64889,62.6,3.9,53481,32283,32606,14053,7162,6891,36287,18245,18042,14549,6876,7673,1758,645,1113,16,0,1517,36
Dakota,MN,425423,709,2.5,86403,209855,215568,103669,53310,50359,261472,129927,131545,60282,26618,33664,7220,2599,4621,12,3013690286,25319,917
Dodge,MN,20822,45.7,3,75955,10395,10427,5369,2720,2649,12389,6252,6137,3064,1423,1641,414,148,266,0,875447314,1565,0
Douglas,MN,37964,56.5,2.8,60979,18993,18971,8182,4157,4025,21131,10769,10362,8651,4067,4584,1248,464,784,8,0,698,0
Faribault,MN,13758,20.4,3.5,52560,6875,6883,3049,1574,1475,7569,3885,3684,3140,1416,1724,527,172,355,4,0,440,0
Fillmore,MN,21058,24.2,3.1,58761,10563,10495,5191,2714,2477,11458,5830,5628,4409,2019,2390,775,258,517,0,234734134,832,39
Freeborn,MN,30444,44.2,3.2,52010,15158,15286,6677,3460,3217,17025,8668,8357,6742,3030,3712,1065,376,689,18,0,2714,0
Goodhue,MN,46403,61,2.7,67039,23012,23391,10293,5231,5062,26986,13605,13381,9124,4176,4948,1369,477,892,4,552050754,1624,27
Grant,MN,6021,11,4,54917,3023,2998,1364,695,669,3256,1643,1613,1401,685,716,240,95,145,0,0,63,0
Hennepin,MN,1259428,2081.7,2.5,76067,623200,636228,276541,140383,136158,806099,405060,401039,176788,77757,99031,24636,8637,15999,311,5362022282,179640,16036
Houston,MN,18578,34.5,2.9,59613,9328,9250,4035,2115,1920,10551,5329,5222,3992,1884,2108,630,231,399,0,1129688342,82,0
Hubbard,MN,21332,22.1,5,55687,10829,10503,4513,2330,2183,11476,5824,5652,5343,2675,2668,549,244,305,0,0,13,0
Isanti,MN,39966,86.8,3.7,73468,20210,19756,9395,4862,4533,24147,12405,11742,6424,2943,3481,767,270,497,0,0,670,0
Itasca,MN,45108,16.9,5.4,53143,22797,22311,9370,4899,4471,25145,12770,12375,10593,5128,5465,1333,529,804,9,0,1242,119
Jackson,MN,9911,14.6,2.9,57786,5073,4838,2140,1114,1026,5554,2918,2636,2217,1041,1176,411,165,246,0,0,1123,0
Kanabec,MN,16207,31.1,5.5,56950,8159,8048,3490,1734,1756,9393,4821,4572,3324,1604,1720,342,127,215,4,0,249,13
Kandiyohi,MN,42855,53,2.9,60579,21576,21279,10514,5469,5045,24280,12390,11890,8061,3717,4344,1259,427,832,8,0,11564,34
Kittson,MN,4248,4.1,2.9,54438,2138,2110,909,466,443,2303,1192,1111,1036,480,556,167,48,119,0,0,44,0
Koochiching,MN,12440,4.3,6.1,46281,6225,6215,2265,1138,1127,6996,3567,3429,3179,1520,1659,389,143,246,0,0,137,0
Lac qui Parle,MN,6658,9.5,3.6,52445,3347,3311,1342,704,638,3482,1789,1693,1834,854,980,390,139,251,0,0,112,0
Lake,MN,10658,5.2,3.1,61015,5488,5170,2005,1088,917,5878,3010,2868,2775,1390,1385,399,168,231,0,0,25,0
Lake of the Woods,MN,3758,3.1,3.8,52058,1966,1792,715,375,340,2132,1138,994,911,453,458,103,34,69,0,0,,
Le Sueur,MN,28494,61.7,4.1,67269,14369,14125,6808,3499,3309,16699,8519,8180,4987,2351,2636,575,184,391,0,0,1771,20
Lincoln,MN,5673,11,3,51305,2861,2812,1328,690,638,2937,1541,1396,1408,630,778,302,119,183,0,0,185,0
Lyon,MN,25629,36.2,2.9,57690,12789,12840,6615,3456,3159,14954,7524,7430,4060,1809,2251,742,241,501,0,0,912,0
McLeod,MN,35873,74.6,3.1,61959,17925,17948,8254,4226,4028,20903,10670,10233,6716,3029,3687,996,346,650,6,0,601,0
Mahnomen,MN,5519,9.7,4.6,43162,2781,2738,1748,916,832,2820,1424,1396,951,441,510,132,51,81,0,0,159,26
Marshall,MN,9390,5.3,5.8,58105,4738,4652,2158,1066,1092,5216,2737,2479,2016,935,1081,360,133,227,0,0,255,0
Martin,MN,19785,29.3,3.1,50821,9804,9981,4306,2180,2126,10829,5510,5319,4650,2114,2536,897,298,599,0,0,5048,262
Meeker,MN,23141,38.3,3.5,66557,11783,11358,5594,2875,2719,12913,6693,6220,4634,2215,2419,693,266,427,0,0,1039,0
Mille Lacs,MN,26139,45.6,4.8,53289,13139,13000,6292,3252,3040,15060,7678,7382,4787,2209,2578,632,212,420,4,0,344,43
Morrison,MN,33169,29.5,4.7,57471,16745,16424,7761,3995,3766,18921,9721,9200,6487,3029,3458,957,343,614,6,0,767,0
Mower,MN,40011,55.1,2.7,53387,20124,19887,10093,5205,4888,22578,11635,10943,7340,3284,4056,1463,499,964,0,200838154,3912,13
Murray,MN,8276,12.4,3.7,59938,4140,4136,1815,927,888,4350,2186,2164,2111,1027,1084,346,128,218,0,0,1013,0
Nicollet,MN,34220,73,2.2,66209,17295,16925,7585,3851,3734,21077,10841,10236,5558,2603,2955,765,277,488,0,0,1514,144
Nobles,MN,21924,29.9,2.6,55766,11300,10624,6004,3044,2960,12335,6597,5738,3585,1659,1926,680,224,456,0,0,44103,76
Norman,MN,6475,7.9,4.3,48799,3262,3213,1559,806,753,3550,1801,1749,1366,655,711,223,75,148,0,0,406,0
Olmsted,MN,156277,220.8,2.3,76001,76246,80031,38258,19409,18849,93747,46116,47631,24272,10721,13551,3611,1311,2300,218,438626431,18939,380
Otter Tail,MN,58812,29.1,3.6,53778,29588,29224,12881,6634,6247,31939,16290,15649,13992,6664,7328,2050,721,1329,5,0,1347,0
Pennington,MN,14178,22.6,4.2,57494,7032,7146,3225,1595,1630,8361,4314,4047,2592,1123,1469,430,139,291,0,0,169,0
Pine,MN,29483,21.1,4.8,50387,15830,13653,5775,3030,2745,17610,9869,7741,6098,2931,3167,696,278,418,0,0,2858,0
Pipestone,MN,9047,20.6,2.9,55378,4406,4641,2336,1192,1144,4815,2434,2381,1896,780,1116,399,114,285,0,0,285,0
Polk,MN,31529,16,3.7,60180,15828,15701,7629,3893,3736,18234,9376,8858,5666,2559,3107,950,262,688,5,1336819287,1853,41
Pope,MN,11097,16.4,2.6,60975,5665,5432,2305,1228,1077,6082,3150,2932,2710,1287,1423,426,156,270,0,0,155,0
Ramsey,MN,550210,3341.6,2.7,62937,268571,281639,128232,65614,62618,342650,168818,173832,79328,34139,45189,11134,3716,7418,135,6226193938,53358,2447
Red Lake,MN,3999,9.5,5.2,54412,2042,1957,966,504,462,2196,1135,1061,837,403,434,127,46,81,0,0,94,0
Redwood,MN,15249,18.3,3.6,56760,7611,7638,3778,1918,1860,8246,4246,4000,3225,1447,1778,584,177,407,0,0,124,0
Renville,MN,14612,16,3.9,59787,7427,7185,3385,1723,1662,8187,4261,3926,3040,1443,1597,544,186,358,0,0,261,0
Rice,MN,66523,129.4,2.8,67024,33901,32622,14537,7281,7256,41736,21901,19835,10250,4719,5531,1336,462,874,4,0,7075,66
Rock,MN,9414,20.1,2.3,63503,4636,4778,2408,1186,1222,5139,2601,2538,1867,849,1018,333,108,225,0,0,687,0
Roseau,MN,15150,9.3,3.3,60239,7795,7355,3651,1852,1799,8848,4695,4153,2651,1248,1403,383,118,265,0,0,60,0
St. Louis,MN,199754,32,3.7,53833,100283,99471,38011,19557,18454,122995,62823,60172,38748,17903,20845,5338,1798,3540,179,3271418582,4405,557
Scott,MN,147381,364.5,2.5,101427,73440,73941,40458,20539,19919,90888,45572,45316,16035,7329,8706,1768,659,1109,0,1644981978,7823,71
Sherburne,MN,96036,204.4,3.2,81850,49201,46835,25433,12964,12469,59719,31213,28506,10884,5024,5860,1151,370,781,0,616785142,4940,37
Sibley,MN,15028,25.9,3.2,66209,7560,7468,3542,1773,1769,8730,4535,4195,2756,1252,1504,434,142,292,0,0,279,0
Stearns,MN,159256,112.2,2.9,60843,80406,78850,36701,18626,18075,98476,50557,47919,24079,11223,12856,3328,1288,2040,41,3606076163,48213,246
Steele,MN,36803,85.1,2.9,65323,18326,18477,9163,4548,4615,21149,10833,10316,6491,2945,3546,1019,373,646,0,95295637,3194,0
Stevens,MN,9753,17.3,2.4,61929,4850,4903,2050,1071,979,6017,3023,2994,1686,756,930,357,120,237,0,0,5,0
Swift,MN,9345,13.2,3.7,51552,4725,4620,2162,1112,1050,5139,2706,2433,2044,907,1137,372,117,255,0,0,342,0
Todd,MN,24582,26.3,3.9,58113,12672,11910,5852,3096,2756,13436,6965,6471,5294,2611,2683,710,297,413,3,368172867,3432,0
Traverse,MN,3308,6.2,3.2,49773,1659,1649,693,356,337,1783,925,858,832,378,454,186,61,125,0,0,148,0
Wabasha,MN,21645,41.4,2.9,63633,10845,10800,4712,2431,2281,12210,6145,6065,4723,2269,2454,643,251,392,0,747102859,691,0
Wadena,MN,13773,25.8,5.2,46312,6815,6958,3532,1799,1733,7344,3731,3613,2897,1285,1612,496,142,354,2,0,157,0
Waseca,MN,18691,45.2,4.1,58335,9008,9683,4332,2206,2126,10959,5216,5743,3400,1586,1814,519,191,328,0,0,676,0
Washington,MN,259201,619.7,2.5,95840,128076,131125,63678,32303,31375,156617,77985,78632,38906,17788,21118,4580,1667,2913,31,1108094998,13806,728
Watonwan,MN,10980,25.8,3.5,51962,5426,5554,2683,1328,1355,6106,3058,3048,2191,1040,1151,425,170,255,0,0,1289,0
Wilkin,MN,6254,8.8,3,61387,3228,3026,1402,756,646,3652,1904,1748,1200,568,632,177,75,102,0,0,567,139
Winona,MN,50825,82.2,2.6,56076,25133,25692,9158,4584,4574,33036,16540,16496,8631,4009,4622,1189,375,814,8,685302533,3558,688
Wright,MN,136349,188.5,3,87377,68848,67501,38003,19486,18517,81131,41383,39748,17215,7979,9236,1934,726,1208,3,43262141,5711,52
Yellow Medicine,MN,9795,13.8,3,56528,4948,4847,2303,1175,1128,5511,2849,2662,1981,924,1057,397,123,274,0,0,197,0
Adams,MS,31192,69.8,6.2,33392,16249,14943,6259,3139,3120,19059,10627,8432,5874,2483,3391,739,223,516,15,0,7318,521
Alcorn,MS,36925,92.6,4.1,40010,18024,18901,8406,4265,4141,21706,10838,10868,6813,2921,3892,695,228,467,24,0,595,33
Amite,MS,12326,18,6,38092,5967,6359,2526,1266,1260,6904,3388,3516,2896,1313,1583,345,112,233,0,0,1807,35
Attala,MS,18365,26.6,5.7,36761,8698,9667,4621,2227,2394,10223,4912,5311,3521,1559,1962,457,136,321,0,0,8090,244
Benton,MS,8271,21.5,5.6,35184,4100,4171,1793,905,888,4931,2486,2445,1547,709,838,176,59,117,0,0,627,0
Bolivar,MS,31333,39,6.1,33116,14557,16776,7611,3840,3771,18771,8709,10062,4951,2008,2943,502,117,385,8,0,6203,422
Calhoun,MS,14436,25.5,4.3,39176,6942,7494,3376,1750,1626,8328,3999,4329,2732,1193,1539,359,106,253,0,0,2675,162
Carroll,MS,9911,16.9,5.5,42588,5012,4899,1840,913,927,5723,2976,2747,2348,1123,1225,244,94,150,0,0,3558,209
Chickasaw,MS,17171,34.7,5,37429,8439,8732,4263,2171,2092,9950,4987,4963,2958,1281,1677,349,103,246,0,0,4495,421
Choctaw,MS,8278,20.4,4.8,38479,4044,4234,1797,939,858,4696,2336,2360,1785,769,1016,203,72,131,0,0,1067,83
Claiborne,MS,9002,19.7,9.2,29631,4265,4737,1888,967,921,5642,2677,2965,1472,621,851,189,53,136,0,0,1821,20
Clarke,MS,15604,24.2,5.6,41495,7297,8307,3437,1670,1767,8977,4246,4731,3190,1381,1809,342,112,230,0,0,3842,398
Clay,MS,19386,50.3,6,38121,9080,10306,4372,2180,2192,11434,5371,6063,3580,1529,2051,430,129,301,6,0,3097,115
Coahoma,MS,22628,47.3,6.8,29380,10487,12141,6103,3058,3045,13033,5937,7096,3492,1492,2000,400,141,259,10,0,4077,139
Copiah,MS,28543,37.9,5.5,38664,13737,14806,6555,3318,3237,16953,8211,8742,5035,2208,2827,609,195,414,0,322906816,7666,88
Covington,MS,18853,47.3,4.4,36083,9184,9669,4639,2387,2252,11029,5394,5635,3185,1403,1782,366,125,241,0,0,4120,23
DeSoto,MS,182001,338.7,3.8,68126,87795,94206,46709,23800,22909,111824,53715,58109,23468,10280,13188,2122,708,1414,44,4026089,18633,241
Forrest,MS,75036,160.7,4.4,39061,35611,39425,17357,8889,8468,47491,22412,25079,10188,4310,5878,1259,394,865,48,1904845997,15780,920
Franklin,MS,7788,14.4,6,39508,3828,3960,1806,936,870,4429,2182,2247,1553,710,843,172,54,118,0,0,1029,47
George,MS,24250,47.2,6.4,47246,12260,11990,6390,3186,3204,14347,7450,6897,3513,1624,1889,231,94,137,6,0,806,44
Greene,MS,13586,20.2,6.2,42022,7859,5727,2653,1357,1296,8913,5576,3337,2020,926,1094,195,67,128,0,0,297,38
Grenada,MS,21055,51.9,4.3,39633,10015,11040,5040,2561,2479,12271,5860,6411,3744,1594,2150,399,125,274,5,0,2358,62
Hancock,MS,47334,92.7,5,49843,23137,24197,9716,5025,4691,28235,13798,14437,9383,4314,5069,871,335,536,6,0,3878,418
Harrison,MS,206650,326,4.5,45355,101231,105419,49416,25240,24176,126330,62095,64235,30904,13896,17008,3113,1138,1975,57,2092921571,10648,330
Hinds,MS,237085,282,4.6,44776,110637,126448,57047,29102,27945,146697,67766,78931,33341,13769,19572,4007,1196,2811,218,2199693832,32467,678
Holmes,MS,17622,25.4,8.9,26449,8422,9200,4466,2349,2117,10504,4970,5534,2652,1103,1549,334,108,226,0,0,10494,700
Humphreys,MS,8257,22.4,8.4,28542,3886,4371,2147,1091,1056,4708,2216,2492,1402,579,823,145,30,115,0,0,1634,221
Issaquena,MS,1308,3.4,9,26936,774,534,152,79,73,938,598,340,218,97,121,33,14,19,0,0,,
Itawamba,MS,23517,43.9,4.1,45720,11594,11923,5096,2616,2480,14269,7173,7096,4152,1805,2347,481,169,312,0,0,2934,217
Jackson,MS,143277,193.2,5.5,51771,70502,72775,33416,17251,16165,87140,42854,44286,22721,10397,12324,2062,789,1273,48,479636356,14109,506
Jasper,MS,16428,25.2,5.8,36987,7947,8481,3696,1882,1814,9380,4531,4849,3352,1534,1818,338,138,200,0,0,3867,95
Jefferson,MS,7106,14.9,13.3,28024,3489,3617,1607,792,815,4300,2207,2093,1199,490,709,171,54,117,0,0,1228,3
Jefferson Davis,MS,11234,30.6,6.7,31739,5315,5919,2215,1146,1069,6469,3083,3386,2550,1086,1464,312,89,223,0,0,2202,67
Jones,MS,68461,97.5,4.8,42435,33256,35205,17176,8864,8312,39708,19352,20356,11577,5040,6537,1342,456,886,14,372836539,12475,318
Kemper,MS,10027,13.6,7.4,33437,5021,5006,1821,948,873,6181,3179,3002,2025,894,1131,314,94,220,0,0,3875,243
Lafayette,MS,54793,75,3.9,49381,26552,28241,9919,4929,4990,37945,18594,19351,6929,3029,3900,710,204,506,24,0,4932,160
Lamar,MS,62447,112,3.6,58377,30001,32446,15448,7799,7649,38396,18392,20004,8603,3810,4793,903,332,571,17,970262697,7055,157
Lauderdale,MS,75317,114.1,5,40077,36501,38816,17636,8888,8748,44609,22019,22590,13072,5594,7478,1629,502,1127,51,1848287,22912,1734
Lawrence,MS,12455,30,6,40510,6044,6411,3045,1540,1505,7170,3495,3675,2240,1009,1231,202,79,123,0,0,2871,10
Leake,MS,22763,40.8,4.9,37212,11752,11011,5835,3418,2417,13209,6712,6497,3719,1622,2097,456,157,299,0,0,12507,208
Lee,MS,85202,184.3,3.9,51088,40726,44476,21542,10992,10550,51062,24480,26582,12598,5254,7344,1408,404,1004,42,0,4586,240
Leflore,MS,28919,54.5,6.8,29244,13483,15436,7969,4029,3940,16779,7734,9045,4171,1720,2451,565,155,410,9,646351721,8757,926
Lincoln,MS,34205,59.5,4.7,43478,16296,17909,8042,4095,3947,20282,9723,10559,5881,2478,3403,679,221,458,5,7,8733,671
Lowndes,MS,58930,118.3,4.8,44348,28055,30875,13890,7189,6701,35688,16898,18790,9352,3968,5384,1154,331,823,18,0,4628,180
Madison,MS,105630,133.2,3.7,75740,50599,55031,26414,13459,12955,65173,31071,34102,14043,6069,7974,1468,424,1044,7,169970713,19882,592
Marion,MS,24715,49.9,5.1,36408,11946,12769,5718,2861,2857,14406,7116,7290,4591,1969,2622,620,188,432,6,0,3885,282
Marshall,MS,35451,52.6,5,40285,17596,17855,7435,3772,3663,21802,11102,10700,6214,2722,3492,605,192,413,0,0,3008,127
Monroe,MS,35564,48.3,4.9,44681,16944,18620,8054,4029,4025,20679,10015,10664,6831,2900,3931,804,245,559,9,0,8657,811
Montgomery,MS,10023,26.8,5.3,36311,4784,5239,2264,1127,1137,5590,2700,2890,2169,957,1212,279,84,195,0,0,2562,62
Neshoba,MS,29125,52.1,4.9,36236,13866,15259,8105,4075,4030,16412,7755,8657,4608,2036,2572,558,181,377,0,0,14297,688
Newton,MS,21443,37.6,4.9,40792,10259,11184,5407,2693,2714,12451,6038,6413,3585,1528,2057,424,132,292,0,0,6307,61
Noxubee,MS,10535,16.6,6.7,32167,4968,5567,2569,1293,1276,6242,2938,3304,1724,737,987,224,64,160,0,0,4664,103
Oktibbeha,MS,49599,104,4.7,39130,24736,24863,8829,4504,4325,35060,17733,17327,5710,2499,3211,755,263,492,6,0,4666,258
Panola,MS,34178,50.7,5.9,39198,16423,17755,8463,4321,4142,20336,9736,10600,5379,2366,3013,570,208,362,0,0,2433,118
Pearl River,MS,55387,68.9,4.7,45268,27264,28123,12517,6362,6155,32475,16104,16371,10395,4798,5597,974,361,613,6,40522068,9297,1034
Perry,MS,11931,18.9,5.9,39687,5833,6098,2684,1406,1278,7068,3457,3611,2179,970,1209,227,80,147,0,0,1769,86
Pike,MS,39563,98.8,5.7,33983,18653,20910,10244,5111,5133,22486,10631,11855,6833,2911,3922,801,259,542,28,590422547,8035,379
Pontotoc,MS,31833,60.2,3.9,44297,15572,16261,8455,4276,4179,18615,9176,9439,4763,2120,2643,585,201,384,0,0,1259,116
Prentiss,MS,25315,60.9,4.3,41281,12417,12898,5610,2949,2661,15102,7572,7530,4603,1896,2707,590,175,415,11,0,1720,79
Quitman,MS,7051,20.3,7.6,27767,3277,3774,1607,818,789,4220,1962,2258,1224,497,727,143,46,97,0,884260249,986,0
Rankin,MS,153902,182.6,3.4,66296,74073,79829,35671,18065,17606,94692,45911,48781,23539,10097,13442,2568,858,1710,18,20684376,12813,273
Scott,MS,28287,46.4,3.9,38034,13883,14404,7563,4000,3563,16464,8118,8346,4260,1765,2495,488,148,340,0,0,19347,220
Sharkey,MS,4377,11.4,7,28887,2091,2286,1056,567,489,2483,1142,1341,838,382,456,128,44,84,0,0,287,0
Simpson,MS,26758,46.7,4.5,38173,12986,13772,6324,3251,3073,15728,7647,8081,4706,2088,2618,509,191,318,0,0,2831,0
Smith,MS,16002,25.9,4.4,46764,7689,8313,3693,1846,1847,9171,4462,4709,3138,1381,1757,369,120,249,0,0,4558,285
Stone,MS,18717,39.9,5.4,44622,9455,9262,3958,2039,1919,11768,5979,5789,2991,1437,1554,224,87,137,0,0,1171,0
Sunflower,MS,25735,42.2,7.8,31329,13737,11998,5694,2874,2820,16523,9384,7139,3518,1479,2039,408,109,299,0,0,3317,141
Tallahatchie,MS,13987,23.8,5.3,32692,7776,6211,2747,1341,1406,9150,5552,3598,2090,883,1207,262,82,180,0,0,768,45
Tate,MS,28759,71.4,4.9,48082,13850,14909,6537,3317,3220,17423,8424,8999,4799,2109,2690,479,145,334,0,0,2636,13
Tippah,MS,21995,48.6,4.3,39833,10718,11277,5378,2718,2660,12980,6403,6577,3637,1597,2040,338,118,220,0,0,3523,510
Tishomingo,MS,19454,46.2,4.6,41455,9452,10002,4178,2159,2019,11307,5540,5767,3969,1753,2216,384,131,253,0,0,614,0
Tunica,MS,9944,23.7,5.3,33143,4650,5294,2911,1465,1446,5818,2657,3161,1215,528,687,110,37,73,0,0,2162,107
Union,MS,28606,65.3,3.5,46600,14016,14590,7129,3602,3527,16692,8293,8399,4785,2121,2664,583,202,381,8,0,2077,135
Walthall,MS,14465,38.2,6.5,33566,6968,7497,3301,1654,1647,8324,4059,4265,2840,1255,1585,371,133,238,0,0,2011,0
Warren,MS,46176,82.9,5.5,46049,21990,24186,11028,5620,5408,27483,12995,14488,7665,3375,4290,787,235,552,22,0,4577,160
Washington,MS,45063,70.6,7.1,33991,20889,24174,11611,5800,5811,26312,12137,14175,7140,2952,4188,740,201,539,22,0,5440,191
Wayne,MS,20298,25.6,5.4,37401,9749,10549,4965,2515,2450,11860,5698,6162,3473,1536,1937,360,122,238,6,0,2351,2
Webster,MS,9788,24.4,5,43349,4779,5009,2320,1202,1118,5730,2836,2894,1738,741,997,190,54,136,0,0,1392,69
Wilkinson,MS,8792,14.6,8.5,29900,4714,4078,1867,950,917,5412,3104,2308,1513,660,853,204,63,141,0,0,3977,406
Winston,MS,18165,31.6,5.6,39498,8867,9298,4114,2132,1982,10423,5152,5271,3628,1583,2045,452,164,288,0,0,3224,9
Yalobusha,MS,12392,27.1,5,39551,5934,6458,2776,1431,1345,7142,3384,3758,2474,1119,1355,234,71,163,0,0,2214,57
Yazoo,MS,28248,30.4,5.5,33111,16261,11987,6207,3217,2990,18279,11465,6814,3762,1579,2183,514,145,369,0,595751961,8105,98
Adair,MO,25339,45.1,3.5,40395,12194,13145,4655,2385,2270,16929,8120,8809,3755,1689,2066,526,180,346,10,0.71973,1165,0
Andrew,MO,17607,40,2.7,57459,8746,8861,4034,2060,1974,10320,5192,5128,3253,1494,1759,417,131,286,0,1244314854,497,0
Atchison,MO,5171,10.4,2.5,49122,2572,2599,1037,541,496,2819,1427,1392,1315,604,711,198,52,146,0,0,126,0
Audrain,MO,25473,36.9,3.1,44340,11687,13786,5827,3089,2738,15094,6644,8450,4552,1954,2598,555,141,414,0,0,695,0
Barry,MO,35886,45.7,3,42457,18147,17739,8141,4313,3828,20357,10323,10034,7388,3511,3877,781,317,464,0,0,305,0
Barton,MO,11798,21,3.1,41583,5807,5991,2751,1430,1321,6624,3303,3321,2423,1074,1349,347,121,226,4,0,,
Bates,MO,16320,20.4,3.8,45955,8069,8251,3805,1943,1862,9351,4729,4622,3164,1397,1767,380,128,252,0,0,367,49
Benton,MO,19278,27.1,4.5,40025,9663,9615,3328,1697,1631,10011,5036,4975,5939,2930,3009,565,234,331,0,0,386,0
Bollinger,MO,12169,20,3.6,44233,6120,6049,2578,1372,1206,7089,3576,3513,2502,1172,1330,257,90,167,0,0,234,0
Boone,MO,180005,237.3,2.3,55136,87247,92758,36565,18794,17771,121382,58624,62758,22058,9829,12229,2743,932,1811,110,3416685269,6398,75
Buchanan,MO,88571,218.6,3,52506,44705,43866,19933,10214,9719,54363,28366,25997,14275,6125,8150,1939,627,1312,21,3580994921,16390,83
Butler,MO,42639,61.6,4.6,38067,20715,21924,10012,5201,4811,24606,11976,12630,8021,3538,4483,935,357,578,14,393765164,1345,0
Caldwell,MO,9108,22.1,3.1,47591,4620,4488,2165,1160,1005,5141,2609,2532,1802,851,951,229,78,151,0,0,169,0
Callaway,MO,44889,53.1,2.9,53970,22949,21940,9401,4819,4582,28184,14632,13552,7304,3498,3806,800,269,531,0,0,1397,56
Camden,MO,45815,67.1,4.2,48580,22792,23023,8111,4144,3967,24799,12194,12605,12905,6454,6451,1020,437,583,18,0,2024,65
Cape Girardeau,MO,78753,130.8,2.8,51962,38191,40562,16776,8579,8197,48698,23855,24843,13279,5757,7522,1837,612,1225,32,0,2745,71
Carroll,MO,8743,13.4,3.1,47049,4247,4496,2015,1003,1012,4822,2390,2432,1906,854,1052,243,93,150,0,0,181,0
Carter,MO,6054,12.3,5.1,34134,2926,3128,1420,689,731,3427,1690,1737,1207,547,660,132,52,80,0,0,218,58
Cass,MO,104954,142.8,3.1,71374,51161,53793,25369,12938,12431,61893,30520,31373,17692,7703,9989,2234,811,1423,9,0,3655,348
Cedar,MO,14165,29.5,3.4,37288,7075,7090,3411,1784,1627,7446,3766,3680,3308,1525,1783,395,140,255,0,0,412,0
Chariton,MO,7451,10.4,2.8,48421,3699,3752,1698,880,818,3991,2010,1981,1762,809,953,327,121,206,0,0,308,0
Christian,MO,86983,137.6,2.6,58057,42666,44317,21985,11309,10676,51327,25113,26214,13671,6244,7427,1395,536,859,0,0,1209,0
Clark,MO,6842,14.1,3.9,46832,3495,3347,1565,835,730,3854,1997,1857,1423,663,760,207,72,135,0,0,59,0
Clay,MO,246365,558.6,2.9,68943,120984,125381,59326,30335,28991,152268,75346,76922,34771,15303,19468,3924,1382,2542,172,1509291045,5260,70
Clinton,MO,20470,49.5,3.2,58641,10296,10174,4808,2493,2315,11959,6025,5934,3703,1778,1925,499,215,284,5,0,783,0
Cole,MO,76796,193,2.5,62817,38795,38001,17106,8671,8435,46956,24544,22412,12734,5580,7154,1608,500,1108,25,2838327824,3063,59
Cooper,MO,17603,31.2,3.1,52513,9196,8407,3762,1908,1854,10686,5883,4803,3155,1405,1750,459,156,303,0,0,413,0
Crawford,MO,23957,33.3,3.9,42774,11883,12074,5426,2712,2714,13820,6961,6859,4711,2210,2501,536,186,350,0,0,393,0
Dade,MO,7569,16.1,2.7,41381,3866,3703,1558,862,696,4221,2137,2084,1790,867,923,222,76,146,0,0,,
Dallas,MO,16762,31,3.9,38765,8364,8398,3959,2013,1946,9405,4745,4660,3398,1606,1792,408,149,259,0,0,113,0
Daviess,MO,8313,15,3,51255,4193,4120,2116,1094,1022,4498,2271,2227,1699,828,871,188,74,114,0,0,133,0
DeKalb,MO,12630,30.6,3.1,48920,7905,4725,2173,1136,1037,8355,5770,2585,2102,999,1103,331,109,222,0,0,207,0
Dent,MO,15441,20.8,3.3,39392,7691,7750,3461,1769,1692,8621,4368,4253,3359,1554,1805,424,161,263,0,0,17,0
Douglas,MO,13373,16.8,4.6,36762,6692,6681,2919,1496,1423,7200,3633,3567,3254,1563,1691,369,152,217,0,0,1,0
Dunklin,MO,29423,59.1,5.5,37331,14075,15348,7526,3846,3680,16389,7909,8480,5508,2320,3188,707,226,481,0,0,1288,92
Franklin,MO,103670,110,3.1,58738,51520,52150,23823,12243,11580,61849,31125,30724,17998,8152,9846,2010,708,1302,13,294983203,6472,552
Gasconade,MO,14705,29.4,2.9,52282,7340,7365,3029,1610,1419,8332,4229,4103,3344,1501,1843,493,160,333,0,428971427,120,0
Gentry,MO,6628,13.7,2.4,43731,3198,3430,1640,790,850,3671,1827,1844,1317,581,736,243,77,166,0,0,255,3
Greene,MO,291923,407.5,2.6,44799,141855,150068,60957,31278,29679,182881,90253,92628,48085,20324,27761,6791,2278,4513,163,3428007428,5924,500
Grundy,MO,9914,23.6,3.6,40315,4824,5090,2377,1212,1165,5397,2705,2692,2140,907,1233,345,104,241,0,0,19,0
Harrison,MO,8414,12.4,3.1,40639,4155,4259,2034,1057,977,4490,2258,2232,1890,840,1050,329,98,231,0,0,373,0
Henry,MO,21792,32,3.6,44978,10691,11101,4795,2425,2370,12259,6095,6164,4738,2171,2567,562,195,367,8,0,433,84
Hickory,MO,9509,24.1,4.1,35025,4700,4809,1633,829,804,4759,2318,2441,3117,1553,1564,301,131,170,0,0,,
Holt,MO,4404,10.6,2.4,47191,2154,2250,913,446,467,2385,1189,1196,1106,519,587,203,59,144,0,0,48,0
Howard,MO,10137,21.9,2.8,45767,5064,5073,2199,1143,1056,5985,3020,2965,1953,901,1052,265,100,165,0,0,122,0
Howell,MO,40076,43.6,3.6,36762,19500,20576,9540,4830,4710,22584,11099,11485,7952,3571,4381,1024,354,670,12,0,277,0
Iron,MO,10177,19.3,5.4,37755,5069,5108,2131,1113,1018,5869,2938,2931,2177,1018,1159,256,83,173,0,645155933,94,0
Jackson,MO,700307,1115.3,3.7,55864,338751,361556,164979,83800,81179,430673,210168,220505,104655,44783,59872,13786,4676,9110,274,3404677615,21014,762
Jasper,MO,120636,183.9,2.7,46596,58923,61713,30127,15331,14796,71646,35415,36231,18863,8177,10686,2416,795,1621,88,1018734328,1379,0
Jefferson,MO,224347,333.1,3.1,65150,111370,112977,51958,26602,25356,138753,69532,69221,33636,15236,18400,3033,1099,1934,67,902003628,14730,490
Johnson,MO,53652,63.4,3.7,52151,27578,26074,11436,5858,5578,35426,18493,16933,6790,3227,3563,849,351,498,0,723949146,3419,0
Knox,MO,3947,8.2,2.8,39309,1974,1973,917,491,426,2159,1094,1065,871,389,482,126,46,80,0,0,,
Laclede,MO,35713,46.5,3.7,44562,17552,18161,8827,4474,4353,20513,10206,10307,6373,2872,3501,695,270,425,4,0,66,0
Lafayette,MO,32598,53.1,3.2,53389,16169,16429,7471,3869,3602,18977,9490,9487,6150,2810,3340,910,313,597,2,0,2869,74
Lawrence,MO,38359,63.2,3,45074,19039,19320,9667,4952,4715,21674,10842,10832,7018,3245,3773,1001,421,580,0,0,175,0
Lewis,MO,9855,20.2,2.8,48179,4950,4905,2173,1140,1033,5860,2972,2888,1822,838,984,257,91,166,0,0,256,40
Lincoln,MO,57686,83.9,3.3,62238,28843,28843,14658,7554,7104,35288,17639,17649,7740,3650,4090,812,295,517,4,0,3103,54
Linn,MO,12037,20.7,4.7,44992,5868,6169,2834,1450,1384,6660,3312,3348,2543,1106,1437,371,112,259,0,0,281,49
Livingston,MO,15146,28.5,2.5,48749,6589,8557,3168,1607,1561,9063,3727,5336,2915,1255,1660,526,166,360,0,0,139,0
McDonald,MO,23078,42.8,3,40204,11647,11431,5951,3055,2896,13600,6914,6686,3527,1678,1849,312,116,196,0,0,430,0
Macon,MO,15153,19.4,2.9,45440,7505,7648,3470,1772,1698,8236,4180,4056,3447,1553,1894,498,163,335,0,112187374,136,0
Madison,MO,12188,24.7,3.6,40191,5961,6227,2820,1466,1354,7038,3450,3588,2330,1045,1285,289,119,170,0,0,106,0
Maries,MO,8769,17.4,3.3,46371,4401,4368,1780,898,882,5106,2601,2505,1883,902,981,229,104,125,0,0,122,0
Marion,MO,28592,65.9,3.1,49393,13924,14668,6649,3330,3319,16775,8321,8454,5168,2273,2895,767,264,503,8,0,196,0
Mercer,MO,3641,8.3,3.1,46014,1851,1790,867,461,406,1971,998,973,803,392,411,146,54,92,0,0,1,0
Miller,MO,25336,41.8,3.7,47225,12645,12691,5918,2990,2928,14540,7352,7188,4878,2303,2575,606,245,361,0,0,122,0
Mississippi,MO,13336,34.9,3.8,34735,7219,6117,2804,1437,1367,8160,4748,3412,2372,1034,1338,262,61,201,0,0,1573,0
Moniteau,MO,16121,37.6,3,57047,8567,7554,3933,1975,1958,9645,5413,4232,2543,1179,1364,333,114,219,0,0,1883,16
Monroe,MO,8664,13.6,3.6,46216,4388,4276,1895,994,901,4746,2436,2310,2023,958,1065,265,99,166,0,0,10,0
Montgomery,MO,11534,22.8,2.9,48951,5785,5749,2530,1329,1201,6562,3351,3211,2442,1105,1337,379,123,256,0,9302008,422,0
Morgan,MO,20358,34.4,4.3,45276,10198,10160,4657,2366,2291,10929,5504,5425,4772,2328,2444,502,202,300,0,0,282,0
New Madrid,MO,17296,28.1,4.8,38093,8307,8989,4008,2056,1952,9975,4815,5160,3313,1436,1877,395,127,268,0,0,635,14
Newton,MO,58266,93,3,49220,29061,29205,13796,7235,6561,33917,17042,16875,10553,4784,5769,1133,419,714,0,44315492,736,40
Nodaway,MO,22304,26.6,2.9,46698,11244,11060,3537,1842,1695,15363,7879,7484,3404,1523,1881,566,202,364,0,0,280,0
Oregon,MO,10541,13.8,3.5,32720,5180,5361,2378,1208,1170,5705,2840,2865,2458,1132,1326,273,90,183,0,0,85,0
Osage,MO,13714,23,2.4,58855,7066,6648,3171,1619,1552,8153,4319,3834,2390,1128,1262,301,102,199,0,0,277,0
Ozark,MO,9017,13.1,5.2,34367,4523,4494,1693,878,815,4724,2349,2375,2600,1296,1304,279,106,173,0,0,,
Pemiscot,MO,16272,37.1,5.5,31831,7688,8584,4183,2141,2042,9308,4360,4948,2781,1187,1594,378,93,285,7,0,2290,105
Perry,MO,19150,40,2.3,53871,9567,9583,4470,2349,2121,11208,5635,5573,3472,1583,1889,480,151,329,0,0,2543,0
Pettis,MO,42542,61.9,4.1,45254,21117,21425,10466,5526,4940,24953,12434,12519,7123,3157,3966,1065,369,696,9,585205004,2353,20
Phelps,MO,44732,67.2,3.1,43079,23354,21378,9324,4814,4510,28056,15209,12847,7352,3331,4021,959,370,589,18,0,116,0
Pike,MO,18504,27.6,3.6,43591,10265,8239,4072,2137,1935,11220,6636,4584,3212,1492,1720,396,140,256,0,0,590,20
Platte,MO,102985,212.6,2.6,82567,50760,52225,24501,12396,12105,63515,31528,31987,14969,6836,8133,1675,554,1121,0,953367247,2412,19
Polk,MO,32201,49,3.6,45336,15824,16377,7343,3772,3571,19050,9408,9642,5808,2644,3164,756,269,487,8,0,72,0
Pulaski,MO,52014,95.5,3.6,52532,29387,22627,11371,5944,5427,35969,21399,14570,4674,2044,2630,516,170,346,0,0,1773,61
Putnam,MO,4757,9.6,3.4,40866,2399,2358,1055,549,506,2535,1300,1235,1167,550,617,162,59,103,0,0,,
Ralls,MO,10212,21.6,2.8,57549,5129,5083,2153,1118,1035,5837,2938,2899,2222,1073,1149,205,70,135,0,0,96,0
Randolph,MO,24763,52.7,3.8,44975,12919,11844,5379,2817,2562,15227,8298,6929,4157,1804,2353,540,160,380,8,0,484,0
Ray,MO,22883,41.3,3.6,58693,11430,11453,5143,2670,2473,13496,6846,6650,4244,1914,2330,496,158,338,0,0,649,0
Reynolds,MO,6254,8.3,3.1,36592,3221,3033,1221,661,560,3584,1846,1738,1449,714,735,185,76,109,0,0,126,0
Ripley,MO,13401,22.4,5.2,32802,6656,6745,3075,1585,1490,7592,3787,3805,2734,1284,1450,315,131,184,0,0,291,0
St. Charles,MO,399182,643.2,2.5,82048,196224,202958,92666,47211,45455,245737,122237,123500,60779,26776,34003,7198,2576,4622,39,390093483,32752,2103
St. Clair,MO,9395,14.6,4.4,37013,4721,4674,1878,960,918,4979,2548,2431,2538,1213,1325,333,119,214,0,0,107,0
Ste. Genevieve,MO,17888,36.4,2.8,59043,9067,8821,3880,2011,1869,10523,5378,5145,3485,1678,1807,445,192,253,0,0,458,56
St. Francois,MO,66692,144.6,3.7,45584,35620,31072,14102,7116,6986,41625,23585,18040,10965,4919,6046,1245,406,839,10,0,1597,72
St. Louis,MO,996945,1967.2,3,66992,472887,524058,219527,111892,107635,597208,285404,311804,180210,75591,104619,26980,9004,17976,468,6079634989,186229,11716
Saline,MO,22895,30.9,3,43776,11420,11475,5120,2618,2502,13593,6959,6634,4182,1843,2339,596,175,421,7,0,9115,8
Schuyler,MO,4599,14.4,4.1,39463,2284,2315,1156,583,573,2533,1281,1252,910,420,490,129,47,82,0,0,20,0
Scotland,MO,4966,11.1,2.9,42053,2457,2509,1463,738,725,2604,1317,1287,899,402,497,132,38,94,0,0,205,0
Scott,MO,38458,93.3,3.4,44261,18682,19776,9253,4801,4452,22265,10853,11412,6940,3028,3912,805,276,529,12,0,3724,200
Shannon,MO,8189,8.4,5,32715,4097,4092,1759,912,847,4620,2349,2271,1810,836,974,179,50,129,0,0,8,0
Shelby,MO,6050,12.7,3,44564,3012,3038,1457,777,680,3306,1661,1645,1287,574,713,197,64,133,0,0,68,0
Stoddard,MO,29206,36.4,4.4,40808,14415,14791,6351,3317,3034,17008,8520,8488,5847,2578,3269,813,274,539,4,0,1871,48
Stone,MO,31749,69.4,4.7,46026,15553,16196,5207,2645,2562,16705,8171,8534,9837,4737,5100,802,332,470,0,0,196,0
Sullivan,MO,6221,10.4,3.1,41978,3195,3026,1396,760,636,3566,1863,1703,1259,572,687,146,41,105,0,0,771,0
Taney,MO,55852,81.7,5.2,40887,27022,28830,11774,6065,5709,31970,15446,16524,12108,5511,6597,1232,478,754,18,0,627,84
Texas,MO,25571,22.1,4.1,34824,13430,12141,5432,2791,2641,14748,8155,6593,5391,2484,2907,704,279,425,4,0,3,0
Vernon,MO,20528,25.6,3.1,42552,10037,10491,4841,2529,2312,11710,5685,6025,3977,1823,2154,581,232,349,6,0,254,0
Warren,MO,34711,75.9,2.8,62056,17325,17386,8254,4196,4058,20354,10242,10112,6103,2887,3216,646,254,392,0,1197928,1213,0
Washington,MO,24943,33.2,4.4,38591,12838,12105,5688,2841,2847,15094,8037,7057,4161,1960,2201,396,167,229,0,0,394,37
Wayne,MO,13122,17.8,4.8,33703,6454,6668,2698,1345,1353,7338,3638,3700,3086,1471,1615,303,132,171,0,0,,
Webster,MO,39109,61.1,3.1,51141,19965,19144,10663,5528,5135,22432,11608,10824,6014,2829,3185,617,232,385,0,0,723,0
Worth,MO,2040,8.1,2.8,43119,984,1056,415,197,218,1120,565,555,505,222,283,92,26,66,0,0,95,0
Wright,MO,18378,27.6,4.1,35293,9025,9353,4703,2379,2324,10045,5007,5038,3630,1639,1991,463,156,307,0,0,572,0
St. Louis city,MO,302838,5157.5,3.8,43263,146552,156286,57526,29254,28272,203822,99732,104090,41490,17566,23924,5446,1671,3775,207,,71298,3888
Beaverhead,MT,9404,1.7,3.1,47674,4834,4570,1637,844,793,5697,2926,2771,2070,1064,1006,237,103,134,0,0,58,0
Big Horn,MT,13338,2.6,9.6,40425,6641,6697,4479,2340,2139,7152,3494,3658,1707,807,900,145,64,81,0,0,290,0
Blaine,MT,6807,1.5,4.3,39237,3420,3387,2015,1034,981,3743,1925,1818,1049,461,588,144,50,94,0,0,,
Broadwater,MT,6085,4.7,4,52840,3115,2970,1211,610,601,3434,1757,1677,1440,748,692,128,53,75,0,0,266,0
Carbon,MT,10714,4.9,3.5,53661,5419,5295,1869,941,928,6083,3094,2989,2762,1384,1378,308,138,170,0,0,327,0
Carter,MT,1238,0.3,2.5,47985,615,623,252,131,121,667,332,335,319,152,167,52,15,37,0,0,,
Cascade,MT,81643,30.1,3.6,50054,41285,40358,18289,9540,8749,48194,24741,23453,15160,7004,8156,1998,777,1221,20,0,949,86
Chouteau,MT,5745,1.5,3,44645,2872,2873,1338,667,671,3236,1639,1597,1171,566,605,147,62,85,0,0,,
Custer,MT,11586,3.1,3.1,50525,5806,5780,2472,1308,1164,6801,3441,3360,2313,1057,1256,352,141,211,4,0,,
Daniels,MT,1747,1.2,2.2,44659,901,846,374,200,174,910,481,429,463,220,243,94,34,60,0,0,,
Dawson,MT,8680,3.8,2.7,56167,4472,4208,1884,969,915,5072,2682,2390,1724,821,903,280,101,179,3,0,,
Deer Lodge,MT,9131,12.6,3.6,45641,4878,4253,1311,688,623,5637,3106,2531,2183,1084,1099,217,83,134,0,,191,0
Fallon,MT,2920,1.8,1.9,62029,1479,1441,791,396,395,1635,854,781,494,229,265,73,19,54,0,0,,
Fergus,MT,11113,2.7,3.7,49147,5698,5415,2317,1236,1081,6072,3118,2954,2724,1344,1380,345,140,205,0,0,,
Flathead,MT,102106,17.9,4.8,54382,50896,51210,22475,11693,10782,59682,29508,30174,19949,9695,10254,1963,770,1193,22,142991509,2207,89
Gallatin,MT,111876,34.4,2.5,67569,58096,53780,22425,11353,11072,75305,39901,35404,14146,6842,7304,1477,567,910,8,173101183,9002,34
Garfield,MT,1268,0.3,2.7,44580,639,629,281,138,143,692,340,352,295,161,134,22,10,12,0,0,,
Glacier,MT,13747,4.5,7.8,37719,6658,7089,4289,2088,2201,7805,3821,3984,1653,749,904,205,81,124,0,494499482,287,0
Golden Valley,MT,826,0.8,4.6,38782,413,413,175,91,84,427,207,220,224,115,109,26,18,8,0,0,141,0
Granite,MT,3378,1.8,5.4,48410,1723,1655,517,247,270,1829,932,897,1032,544,488,103,48,55,0,0,,
Hill,MT,16347,5.6,3.6,50136,8216,8131,4519,2264,2255,9342,4763,4579,2486,1189,1297,312,109,203,6,65928638,68,0
Jefferson,MT,12097,6.9,3.8,68381,6111,5986,2466,1227,1239,7037,3528,3509,2594,1356,1238,162,70,92,0,0,156,0
Judith Basin,MT,1952,1.1,3.4,50197,1009,943,378,194,184,1045,540,505,529,275,254,58,29,29,0,0,,
Lake,MT,30250,19.3,4.3,44833,14927,15323,7062,3635,3427,16506,7995,8511,6682,3297,3385,716,307,409,0,0,313,0
Lewis and Clark,MT,68700,18.3,3.3,63860,33960,34740,14770,7560,7210,41027,20289,20738,12903,6111,6792,1464,487,977,8,0,1044,0
Liberty,MT,2430,1.6,2.5,42742,1172,1258,516,270,246,1414,671,743,500,231,269,107,44,63,0,0,62,0
Lincoln,MT,19794,5.4,7.4,40602,9985,9809,3609,1871,1738,10515,5201,5314,5670,2913,2757,494,220,274,0,882766081,443,66
McCone,MT,1675,0.7,1.8,43650,860,815,339,174,165,898,469,429,438,217,221,51,23,28,0,0,,
Madison,MT,8768,2.1,3.5,53031,4692,4076,1369,691,678,4925,2705,2220,2474,1296,1178,241,96,145,0,0,514,63
Meagher,MT,1866,0.8,3.9,44572,943,923,361,200,161,932,450,482,573,293,280,71,21,50,0,0,67,0
Mineral,MT,4316,3.5,7.2,43458,2200,2116,781,393,388,2288,1154,1134,1247,653,594,105,43,62,0,0,,
Missoula,MT,118791,42.1,3.3,56207,59514,59277,22315,11403,10912,77970,39256,38714,18506,8855,9651,1850,702,1148,32,4714239533,2248,58
Musselshell,MT,4651,2.4,4.3,43371,2342,2309,864,455,409,2552,1265,1287,1235,622,613,123,57,66,0,0,64,0
Park,MT,16736,5.6,3.8,61044,8436,8300,2945,1545,1400,9992,5023,4969,3799,1868,1931,403,179,224,4,284420066,462,0
Petroleum,MT,513,0.3,4.2,41009,279,234,92,57,35,293,152,141,128,70,58,16,10,6,0,0,,
Phillips,MT,4074,0.8,4.5,44730,2047,2027,968,505,463,2196,1106,1090,910,436,474,138,56,82,0,1697104112,,
Pondera,MT,5972,3.8,4.1,42890,2975,2997,1432,743,689,3321,1655,1666,1219,577,642,231,81,150,0,0,90,0
Powder River,MT,1716,0.5,2.9,47378,850,866,287,147,140,963,468,495,466,235,231,70,24,46,0,0,,
Powell,MT,6968,3,4.1,48966,4351,2617,1020,498,522,4512,3112,1400,1436,741,695,162,64,98,0,0,,
Prairie,MT,1087,0.7,3.7,42754,553,534,188,97,91,553,287,266,346,169,177,54,26,28,0,0,,
Ravalli,MT,43172,16.8,4.2,50055,21410,21762,8246,4241,4005,23788,11794,11994,11138,5375,5763,1027,417,610,5,0,381,0
Richland,MT,10913,4.7,3.1,67242,5694,5219,2757,1401,1356,6524,3484,3040,1632,809,823,189,77,112,0,0,159,0
Roosevelt,MT,11059,4.4,4.6,40179,5528,5531,3705,1913,1792,6088,3031,3057,1266,584,682,151,40,111,0,1228077195,357,0
Rosebud,MT,9063,1.8,5.3,57674,4564,4499,2624,1344,1280,5008,2525,2483,1431,695,736,139,59,80,1,0,,
Sanders,MT,11844,4.1,6.4,39861,6070,5774,2076,1098,978,6067,3038,3029,3701,1934,1767,323,142,181,0,0,,
Sheridan,MT,3424,2,2.4,51690,1735,1689,698,379,319,1952,982,970,774,374,400,121,50,71,0,0,,
Silver Bow,MT,34993,47.6,4,47302,17567,17426,7087,3626,3461,21239,10862,10377,6667,3079,3588,847,280,567,11,11,739,0
Stillwater,MT,9534,5.1,3.4,66226,4882,4652,2076,1111,965,5298,2688,2610,2160,1083,1077,176,63,113,0,0,53,0
Sweet Grass,MT,3710,2,3,52747,1895,1815,734,378,356,1990,1009,981,986,508,478,144,58,86,0,0,,
Teton,MT,6162,2.7,3.4,48368,3032,3130,1500,752,748,3264,1612,1652,1398,668,730,216,81,135,0,0,,
Toole,MT,4853,2.8,2.6,46326,2711,2142,1000,511,489,2957,1776,1181,896,424,472,155,56,99,0,159764555,1620,313
Treasure,MT,679,0.7,3,50774,340,339,142,67,75,343,179,164,194,94,100,23,11,12,0,0,,
Valley,MT,7437,1.5,3.1,48390,3727,3710,1703,871,832,3996,2042,1954,1738,814,924,281,105,176,0,1595312275,,
Wheatland,MT,2236,1.5,5,38449,1151,1085,554,296,258,1148,607,541,534,248,286,79,29,50,0,0,38,0
Wibaux,MT,1034,1.1,3.4,49532,535,499,221,119,102,562,300,262,251,116,135,33,13,20,0,0,,
Yellowstone,MT,160137,56.2,3.3,59975,78729,81408,37629,19101,18528,95391,47392,47999,27117,12236,14881,3647,1259,2388,41,3387943831,4718,83
Adams,NE,31511,55.7,2.9,55167,15706,15805,7460,3741,3719,18315,9403,8912,5736,2562,3174,860,311,549,10,696614468,9649,260
Antelope,NE,6336,7.8,2.4,55371,3184,3152,1511,787,724,3332,1709,1623,1493,688,805,227,77,150,0,0,229,0
Arthur,NE,465,0.6,5,46862,230,235,120,61,59,243,121,122,102,48,54,7,4,3,0,0,,
Banner,NE,730,0.9,3.4,53865,350,380,172,75,97,384,184,200,174,91,83,17,7,10,0,0,,
Blaine,NE,476,0.7,4.6,44467,240,236,91,51,40,264,128,136,121,61,60,14,8,6,0,0,,
Boone,NE,5239,8,2.2,51911,2623,2616,1216,609,607,2827,1483,1344,1196,531,665,237,70,167,0,0,82,0
Box Butte,NE,10772,10.5,2.8,57952,5356,5416,2704,1355,1349,6026,3053,2973,2042,948,1094,308,113,195,0,0,59,0
Boyd,NE,1955,3.9,3,42431,981,974,371,181,190,986,518,468,598,282,316,111,38,73,0,0,,
Brown,NE,2973,2.6,3.3,46191,1450,1523,633,321,312,1564,773,791,776,356,420,125,45,80,0,0,,
Buffalo,NE,49615,47.6,2.3,59193,24823,24792,11637,6089,5548,30781,15524,15257,7197,3210,3987,1046,338,708,34,0,5570,62
Burt,NE,6488,14,3.3,57548,3220,3268,1452,759,693,3470,1752,1718,1566,709,857,277,91,186,0,0,230,0
Butler,NE,8058,14.4,2.3,57208,4074,3984,1868,920,948,4503,2379,2124,1687,775,912,270,93,177,0,0,906,0
Cass,NE,26159,45.3,3,75177,13179,12980,6299,3315,2984,15283,7713,7570,4577,2151,2426,544,180,364,0,0,807,0
Cedar,NE,8446,12,2.3,64570,4275,4171,2150,1149,1001,4488,2287,2201,1808,839,969,341,119,222,0,0,193,0
Chase,NE,3977,4.4,2.2,54866,1970,2007,1018,523,495,2145,1083,1062,814,364,450,158,48,110,0,0,8,0
Cherry,NE,5761,1,2.1,49782,2921,2840,1354,710,644,3151,1624,1527,1256,587,669,200,74,126,0,0,58,0
Cheyenne,NE,9310,8.4,2.8,53132,4682,4628,2184,1114,1070,5318,2746,2572,1808,822,986,298,104,194,4,0,351,0
Clay,NE,6214,11.4,3.1,56259,3190,3024,1533,806,727,3419,1754,1665,1262,630,632,203,81,122,0,0,646,0
Colfax,NE,10881,25.5,2.3,55787,5796,5085,3230,1567,1663,6186,3534,2652,1465,695,770,232,72,160,0,0,14536,51
Cuming,NE,8940,16,2.5,59219,4479,4461,2211,1122,1089,4764,2456,2308,1965,901,1064,390,134,256,0,0,664,0
Custer,NE,10840,4.2,2.1,49995,5396,5444,2599,1313,1286,5810,2954,2856,2431,1129,1302,412,141,271,0,0,1463,162
Dakota,NE,20083,79.5,3.5,55522,10177,9906,5729,2971,2758,11619,5939,5680,2735,1267,1468,301,102,199,0,2718332987,48115,385
Dawes,NE,8716,6.6,2.7,47487,4348,4368,1531,779,752,5569,2822,2747,1616,747,869,275,96,179,0,0,25,0
Dawson,NE,23709,24,2.8,56818,12326,11383,6453,3367,3086,13309,7119,6190,3947,1840,2107,577,219,358,0,0,26869,160
Deuel,NE,1825,4.4,3,47097,905,920,396,198,198,1000,505,495,429,202,227,50,22,28,0,0,,
Dixon,NE,5709,12.6,3,54635,2908,2801,1459,771,688,3104,1598,1506,1146,539,607,139,34,105,0,0,725,0
Dodge,NE,36791,69.4,2.7,51682,18257,18534,8983,4561,4422,20731,10539,10192,7077,3157,3920,1239,457,782,0,0,8349,17
Douglas,NE,566880,1574.4,3.1,64580,279878,287002,145250,74253,70997,347878,173383,174495,73752,32242,41510,9141,3179,5962,187,4665337712,81783,1014
Dundy,NE,1770,2.2,2.2,48574,885,885,339,182,157,984,500,484,447,203,244,82,33,49,0,0,,
Fillmore,NE,5527,10.2,2.5,56697,2764,2763,1098,546,552,3179,1645,1534,1250,573,677,215,84,131,0,0,129,0
Franklin,NE,3023,5.6,3,48778,1488,1535,586,307,279,1584,788,796,853,393,460,126,46,80,0,0,229,0
Frontier,NE,2608,2.8,2.5,43650,1333,1275,494,275,219,1491,769,722,623,289,334,97,33,64,0,0,33,0
Furnas,NE,4715,6.9,2.6,49685,2348,2367,1030,527,503,2504,1304,1200,1181,517,664,170,51,119,0,0,199,0
Gage,NE,21493,26.2,3.2,49931,10735,10758,4839,2523,2316,12181,6185,5996,4473,2027,2446,776,298,478,3,0,1988,151
Garden,NE,1897,1.2,2.3,39192,992,905,372,220,152,995,526,469,530,246,284,73,31,42,0,0,,
Garfield,NE,1987,3.6,2.4,46245,992,995,365,181,184,1051,545,506,571,266,305,102,27,75,0,0,1,0
Gosper,NE,1996,4.5,2.5,59722,1023,973,447,247,200,1072,545,527,477,231,246,80,27,53,0,0,506,0
Grant,NE,660,0.8,2.6,56724,349,311,162,87,75,349,185,164,149,77,72,6,4,2,0,0,,
Greeley,NE,2356,4.5,2.6,45221,1160,1196,536,268,268,1216,598,618,604,294,310,116,37,79,0,0,77,0
Hall,NE,61607,107.3,3.2,53792,31080,30527,16920,8809,8111,35537,18128,17409,9150,4143,5007,1327,493,834,16,0,54816,1401
Hamilton,NE,9280,16.8,2.5,60608,4658,4622,2234,1181,1053,5199,2601,2598,1847,876,971,282,100,182,0,0,2292,366
Harlan,NE,3401,6.2,2.3,49321,1762,1639,721,399,322,1789,920,869,891,443,448,131,52,79,0,0,7,0
Hayes,NE,916,1.4,2.2,47047,474,442,206,103,103,458,242,216,252,129,123,47,23,24,0,0,,
Hitchcock,NE,2806,4.1,3.4,43880,1413,1393,640,333,307,1455,748,707,711,332,379,112,44,68,0,0,32,0
Holt,NE,10178,4.3,2.6,55965,5088,5090,2559,1308,1251,5422,2762,2660,2197,1018,1179,354,137,217,0,0,29,0
Hooker,NE,682,1,3.7,46220,329,353,151,77,74,323,159,164,208,93,115,51,19,32,0,0,,
Howard,NE,6468,11,3,52292,3281,3187,1571,844,727,3533,1794,1739,1364,643,721,225,85,140,0,0,1064,31
Jefferson,NE,7097,13.2,2.5,47075,3511,3586,1564,793,771,3835,1946,1889,1698,772,926,276,92,184,0,0,177,0
Johnson,NE,5134,13.9,3.6,52401,3019,2115,966,480,486,3205,2108,1097,963,431,532,186,56,130,0,0,228,0
Kearney,NE,6544,12.6,2.1,64456,3264,3280,1611,808,803,3652,1859,1793,1281,597,684,191,74,117,0,0,377,0
Keith,NE,8021,7.9,3,52086,4046,3975,1585,852,733,4294,2172,2122,2142,1022,1120,229,92,137,0,0,54,0
Keya Paha,NE,810,1.1,2.2,48429,393,417,158,72,86,401,208,193,251,113,138,40,13,27,0,0,,
Kimball,NE,3618,4,2.6,46986,1816,1802,781,402,379,1954,1021,933,883,393,490,137,51,86,0,0,572,0
Knox,NE,8419,7.9,3,47906,4167,4252,2039,1010,1029,4302,2234,2068,2078,923,1155,393,134,259,0,0,284,0
Lancaster,NE,317272,340.8,2.5,58618,159223,158049,72512,37123,35389,200621,102478,98143,44139,19622,24517,5518,1908,3610,108,3750445174,26745,178
Lincoln,NE,35185,14.2,3,56803,17409,17776,8259,4175,4084,20121,10170,9951,6805,3064,3741,995,341,654,19,0,1863,97
Logan,NE,749,1.3,2.8,55531,396,353,194,108,86,386,205,181,169,83,86,22,11,11,0,0,,
Loup,NE,618,1.1,3,47797,315,303,117,69,48,336,170,166,165,76,89,12,2,10,0,0,,
McPherson,NE,492,0.6,2.5,53207,251,241,91,49,42,282,142,140,119,60,59,18,8,10,0,0,,
Madison,NE,35392,60.9,2.5,55226,17509,17883,8969,4450,4519,20780,10556,10224,5643,2503,3140,1018,383,635,24,0,9012,157
Merrick,NE,7733,16.2,2.8,56493,3875,3858,1744,871,873,4399,2249,2150,1590,755,835,255,95,160,0,0,982,0
Morrill,NE,4686,3.5,2.7,49151,2405,2281,1081,563,518,2612,1347,1265,993,495,498,147,59,88,0,0,278,0
Nance,NE,3532,8.5,2.4,47279,1754,1778,791,411,380,1986,1031,955,755,312,443,140,48,92,0,0,142,0
Nemaha,NE,6958,17.8,3.4,52069,3479,3479,1508,785,723,4053,2030,2023,1397,664,733,207,71,136,0,0,107,0
Nuckolls,NE,4195,7.8,2.6,46954,2085,2110,838,429,409,2220,1139,1081,1137,517,620,196,78,118,0,0,16,0
Otoe,NE,15985,25.6,2.8,60734,7929,8056,3834,1953,1881,9041,4600,4441,3110,1376,1734,580,190,390,0,0,168,0
Pawnee,NE,2632,6.4,2.5,45487,1296,1336,569,297,272,1308,649,659,755,350,405,158,62,96,0,0,,
Perkins,NE,2929,3.4,1.9,57251,1492,1437,733,374,359,1509,789,720,687,329,358,126,47,79,0,0,,
Phelps,NE,8996,17,2.2,59003,4511,4485,2137,1115,1022,4995,2588,2407,1864,808,1056,326,117,209,0,993372057,461,0
Pierce,NE,7142,12.7,2.6,57367,3615,3527,1761,882,879,4003,2082,1921,1378,651,727,225,95,130,0,0,80,0
Platte,NE,33363,47.8,2.6,63656,16904,16459,8696,4491,4205,18940,9791,9149,5727,2622,3105,904,327,577,5,0,13069,20
Polk,NE,5278,12.3,2.3,59815,2605,2673,1195,599,596,2875,1444,1431,1208,562,646,213,74,139,0,0,384,0
Red Willow,NE,10726,15.4,2.4,49034,5337,5389,2348,1183,1165,6147,3142,3005,2231,1012,1219,381,144,237,0,695652693,167,0
Richardson,NE,7937,15.2,3,47573,3990,3947,1672,890,782,4307,2188,2119,1958,912,1046,365,139,226,0,0,19,0
Rock,NE,1360,1.5,2.4,48260,685,675,271,145,126,726,376,350,363,164,199,63,15,48,0,0,,
Saline,NE,14350,24.7,3,54569,7344,7006,3613,1837,1776,8582,4517,4065,2155,990,1165,343,114,229,0,0,12759,21
Sarpy,NE,184459,664.6,2.7,79358,92307,92152,50551,25783,24768,112231,56874,55357,21677,9650,12027,2461,860,1601,8,560162393,12143,57
Saunders,NE,21303,27.7,2.7,67897,10772,10531,5174,2698,2476,12137,6160,5977,3992,1914,2078,496,173,323,0,0,809,24
Scotts Bluff,NE,35989,50,3.2,50247,17515,18474,9001,4588,4413,20139,9986,10153,6849,2941,3908,1129,375,754,22,0,2187,0
Seward,NE,17318,29.3,2.6,71024,8857,8461,4088,2105,1983,10314,5402,4912,2916,1350,1566,430,145,285,0,0,726,41
Sheridan,NE,5190,2.2,2.6,43819,2546,2644,1149,600,549,2648,1328,1320,1393,618,775,242,86,156,0,0,,
Sherman,NE,3038,5.6,2.6,47499,1492,1546,638,319,319,1577,797,780,823,376,447,132,51,81,0,0,83,0
Sioux,NE,1187,0.6,2.6,50861,609,578,221,114,107,627,321,306,339,174,165,62,37,25,0,0,,
Stanton,NE,5970,14.3,2.5,66228,3026,2944,1499,780,719,3405,1751,1654,1066,495,571,146,69,77,0,0,475,0
Thayer,NE,5039,9.1,2.2,51299,2507,2532,1157,572,585,2609,1358,1251,1273,577,696,243,93,150,0,0,3,0
Thomas,NE,720,0.9,3,48275,370,350,172,96,76,361,185,176,187,89,98,21,8,13,0,0,26,0
Thurston,NE,7303,17.6,4,45405,3605,3698,2641,1342,1299,3797,1877,1920,865,386,479,134,52,82,0,0,645,0
Valley,NE,4190,7.5,2.9,48604,2079,2111,960,482,478,2169,1098,1071,1061,499,562,167,68,99,0,0,75,0
Washington,NE,20667,51.9,2.8,77838,10357,10310,5017,2591,2426,11977,6055,5922,3673,1711,1962,458,160,298,0,0,1461,49
Wayne,NE,9403,21.7,2.4,55970,4726,4677,1882,988,894,5985,3023,2962,1536,715,821,311,116,195,0,0,202,0
Webster,NE,3533,6.6,2.8,45058,1758,1775,775,388,387,1948,1013,935,810,357,453,127,43,84,0,0,199,0
Wheeler,NE,805,1.4,2.5,53369,411,394,156,81,75,441,238,203,208,92,116,32,8,24,0,0,,
York,NE,13772,23.9,2.5,61478,6742,7030,3239,1652,1587,7733,3845,3888,2800,1245,1555,452,177,275,0,0,972,0
Churchill,NV,24440,5,3.9,58429,12410,12030,5574,2873,2701,14238,7310,6928,4628,2227,2401,415,163,252,0,0,237,42
Clark,NV,2231647,247.3,4.8,57155,1112805,1118842,517629,264237,253392,1385326,695606,689720,328692,152962,175730,29983,12381,17602,535,489323541,247829,12394
Douglas,NV,48467,66.2,4.3,70495,24356,24111,7917,4122,3795,26742,13334,13408,13808,6900,6908,1331,575,756,0,962826136,1184,0
Elko,NV,52460,2.8,3.3,79134,27242,25218,14298,7397,6901,32219,16882,15337,5943,2963,2980,609,242,367,7,179110824,948,58
Esmeralda,NV,826,0.2,4.8,50179,456,370,126,65,61,396,219,177,304,172,132,42,25,17,0,0,,
Eureka,NV,2003,0.5,2.7,70036,1058,945,476,247,229,1201,638,563,326,173,153,30,14,16,0,0,,
Humboldt,NV,16786,1.7,3.4,72873,8749,8037,4537,2302,2235,9955,5276,4679,2294,1171,1123,202,85,117,3,989798993,2833,133
Lander,NV,5575,1.1,3.7,79278,2855,2720,1482,735,747,3211,1709,1502,882,411,471,87,27,60,0,0,574,0
Lincoln,NV,5201,0.5,4.5,55504,2791,2410,1031,550,481,2882,1584,1298,1288,657,631,120,50,70,0,0,43,0
Lyon,NV,55808,26,5.4,59732,28540,27268,11946,6177,5769,32049,16498,15551,11813,5865,5948,833,370,463,0,0,1827,4
Mineral,NV,4514,1.3,5.5,44438,2235,2279,888,468,420,2512,1238,1274,1114,529,585,123,52,71,0,0,143,0
Nye,NV,45346,2.4,5.7,47031,23201,22145,7618,3859,3759,24094,12376,11718,13634,6966,6668,1084,497,587,0,0,2226,18
Pershing,NV,6666,1.1,4.1,42522,4294,2372,1086,551,535,4517,3167,1350,1063,576,487,83,36,47,0,0,7,0
Storey,NV,4029,15.3,4.4,68236,2061,1968,486,230,256,2275,1169,1106,1268,662,606,96,37,59,0,0,14,0
Washoe,NV,465735,66.9,3.6,63636,234560,231175,100776,51681,49095,288798,146434,142364,76161,36445,39716,6870,2773,4097,331,3514660388,55025,1873
White Pine,NV,9475,1.1,3.7,58942,5503,3972,1884,941,943,5889,3683,2206,1702,879,823,198,82,116,0,0,155,0
Carson City,NV,55414,382.1,4.7,56382,28439,26975,11243,5704,5539,32910,17595,15315,11261,5140,6121,1256,472,784,24,27,2898,85
Belknap,NH,61022,150.1,2.5,64777,30141,30881,11281,5749,5532,36236,17988,18248,13505,6404,7101,1653,659,994,10,0,2355,0
Carroll,NH,48779,51.4,2.5,59413,24201,24578,7659,4022,3637,27508,13559,13949,13612,6620,6992,1529,596,933,8,0,2153,0
Cheshire,NH,76493,109.1,2.5,60251,37437,39056,13685,6977,6708,47584,23476,24108,15224,6984,8240,1782,621,1161,27,1766236996,2213,108
Coos,NH,31589,18.4,3.2,44259,16683,14906,5139,2638,2501,18956,10456,8500,7494,3589,3905,992,346,646,3,0,151,0
Grafton,NH,89786,52.2,2.1,65163,44377,45409,14522,7471,7051,56698,28191,28507,18566,8715,9851,2393,869,1524,54,277136669,3593,31
Hillsborough,NH,415247,457.4,2.6,78714,206632,208615,84629,43338,41291,265270,133920,131350,65348,29374,35974,8478,2898,5580,62,3130510013,69083,3149
Merrimack,NH,151132,156.8,2.2,74351,74440,76692,28949,14628,14321,94617,47454,47163,27566,12358,15208,3719,1218,2501,18,1315953344,11025,383
Rockingham,NH,309176,425,2.8,93645,153319,155857,59995,30841,29154,193643,96988,96655,55538,25490,30048,6336,2226,4110,43,3465542299,46716,1957
Strafford,NH,130090,333.7,2.3,69919,63739,66351,24136,12394,11742,86419,42640,43779,19535,8705,10830,2441,811,1630,17,2864000925,9316,410
Sullivan,NH,43144,81.4,2.1,60034,21297,21847,8175,4113,4062,25712,12903,12809,9257,4281,4976,1165,379,786,0,3,733,61
Atlantic,NJ,265429,494.1,5.9,60826,128539,136890,56347,28695,27652,161471,78712,82759,47611,21132,26479,5907,2031,3876,64,4742194904,63441,3691
Bergen,NJ,936692,3884.5,3.4,100181,454688,482004,198355,101307,97048,577251,283691,293560,161086,69690,91396,24948,8606,16342,147,6443828987,872625,62344
Burlington,NJ,445384,561.9,3.8,84470,219438,225946,92652,47203,45449,277331,139526,137805,75401,32709,42692,10193,3576,6617,82,3622034547,161464,8510
Camden,NJ,507078,2321.5,4.6,67135,244608,262470,115090,58747,56343,312580,152245,160335,79408,33616,45792,10958,3538,7420,199,5870324676,217605,9740
Cape May,NJ,92560,386.9,8.4,62175,45218,47342,16215,8218,7997,51759,25876,25883,24586,11124,13462,2943,1053,1890,16,2439597855,20417,1498
Cumberland,NJ,150972,324.4,6.5,51790,77018,73954,36107,18258,17849,91812,48696,43116,23053,10064,12989,3021,1092,1929,36,2703603171,56883,1571
Essex,NJ,799767,6211.5,5.2,62875,384964,414803,188977,96381,92596,502258,244227,258031,108532,44356,64176,15721,4924,10797,267,8162415215,765542,64445
Gloucester,NJ,291408,895.3,4.2,81315,141789,149619,63440,32342,31098,181842,89303,92539,46126,20144,25982,5587,1865,3722,14,3404949398,75871,3766
Hudson,NJ,676061,13731.4,3.9,73337,336666,339395,138221,70375,67846,457920,232929,224991,79920,33362,46558,10392,3428,6964,105,906110838,804876,42914
Hunterdon,NJ,124714,300,3.3,112335,61767,62947,24097,12321,11776,77512,38728,38784,23105,10718,12387,3021,985,2036,12,1700162996,36652,1912
Mercer,NJ,369811,1632.2,3.7,79979,180955,188856,78695,40301,38394,235116,116792,118324,56000,23862,32138,8195,2665,5530,92,5734752,238580,14626
Middlesex,NJ,829685,2621.6,3.6,87666,408929,420756,180190,92044,88146,525297,262773,262524,124198,54112,70086,16812,5873,10939,185,4833926609,655376,34153
Monmouth,NJ,621354,1344.7,3.7,99223,302288,319066,131723,67061,64662,380430,187545,192885,109201,47682,61519,15571,5127,10444,152,3946009951,352546,20567
Morris,NJ,494228,1069.8,3.3,112396,242781,251447,104322,53693,50629,305570,151879,153691,84336,37209,47127,12415,4517,7898,91,3623146288,293336,23261
Ocean,NJ,601651,917,4.3,68483,290366,311285,144247,73851,70396,321752,158784,162968,135652,57731,77921,19873,6967,12906,106,1378765528,368974,24253
Passaic,NJ,503310,2715.3,5.1,71959,245542,257768,119860,61093,58767,310237,153133,157104,73213,31316,41897,9778,3221,6557,97,6634453482,679152,31419
Salem,NJ,62607,199.1,5.4,64524,30717,31890,13379,6855,6524,37591,18660,18931,11637,5202,6435,1706,529,1177,19,2997152933,17095,815
Somerset,NJ,331164,1071.7,3.4,119731,161879,169285,72515,37204,35311,207031,102465,104566,51618,22210,29408,7891,2482,5409,28,3127244474,192117,14898
Sussex,NJ,140799,287.6,4,92284,69985,70814,27874,14203,13671,88563,44503,44060,24362,11279,13083,2611,877,1734,10,103700794,49784,5648
Union,NJ,558067,5216.1,4.3,80737,272270,285797,130522,66200,64322,347293,171999,175294,80252,34071,46181,12000,3948,8052,80,6608215568,686215,38126
Warren,NJ,105779,304.5,3.8,77571,51787,53992,20815,10565,10250,65734,32767,32967,19230,8455,10775,2750,889,1861,20,2534792511,48292,4546
Bernalillo,NM,678701,570.8,4.5,51372,332972,345729,147370,75343,72027,420115,208563,211552,111216,49066,62150,13201,4876,8325,138,476094095,51866,2331
Catron,NM,3578,0.5,6.4,34777,1889,1689,437,221,216,1655,843,812,1486,825,661,119,58,61,0,0,87,37
Chaves,NM,64689,10.8,4.9,43527,32098,32591,17044,8793,8251,37319,18635,18684,10326,4670,5656,1407,527,880,24,0,1609,65
Cibola,NM,26746,6,6.3,38097,13666,13080,6309,3174,3135,16131,8548,7583,4306,1944,2362,491,196,295,4,0,4078,156
Colfax,NM,12110,3.7,4.9,41592,6142,5968,2198,1120,1078,6663,3449,3214,3249,1573,1676,368,135,233,4,715172763,235,0
Curry,NM,49437,34.4,4.1,47202,25643,23794,12994,6645,6349,30241,16246,13995,6202,2752,3450,810,296,514,8,0,1436,0
De Baca,NM,1781,0.9,4.6,35087,882,899,399,197,202,885,442,443,497,243,254,73,27,46,0,0,,
Doña Ana,NM,217522,55,5.7,38409,106762,110760,53231,27057,26174,129953,63718,66235,34338,15987,18351,4032,1684,2348,51,2453144984,11623,83
Eddy,NM,57900,12.9,3.3,58320,29150,28750,15344,7692,7652,34150,17564,16586,8406,3894,4512,1106,406,700,12,1071295665,760,68
Grant,NM,27346,7.4,4.9,38341,13428,13918,5460,2803,2657,14302,6995,7307,7584,3630,3954,903,364,539,6,0,757,0
Guadalupe,NM,4341,1.5,5.5,29515,2473,1868,905,489,416,2586,1551,1035,850,433,417,127,59,68,0,0,638,0
Harding,NM,655,0.3,5.3,37544,335,320,80,38,42,328,177,151,247,120,127,55,34,21,0,31168831,39,0
Hidalgo,NM,4240,1.4,3.8,39882,2101,2139,961,477,484,2331,1177,1154,948,447,501,123,45,78,0,1386416437,14,0
Lea,NM,69611,14.7,4.1,51656,35768,33843,20752,10653,10099,40911,21501,19410,7948,3614,4334,975,361,614,8,0,692,0
Lincoln,NM,19556,4.2,4.6,45095,9546,10010,3601,1848,1753,10338,5014,5324,5617,2684,2933,519,242,277,4,0,109,0
Los Alamos,NM,19101,164.4,3.4,124947,9705,9396,4256,2168,2088,11435,5915,5520,3410,1622,1788,453,188,265,6,614121908,319,0
Luna,NM,23963,8.5,11.9,30570,12045,11918,6240,3156,3084,12671,6464,6207,5052,2425,2627,592,259,333,6,552718,291,32
McKinley,NM,72290,13.1,7.1,33976,34976,37314,20771,10711,10060,42550,20596,21954,8969,3669,5300,1042,370,672,5,637531116,66213,2192
Mora,NM,4506,2.5,6.1,34491,2304,2202,806,396,410,2404,1231,1173,1296,677,619,154,71,83,0,0,,
Otero,NM,66781,9.6,4.9,42701,34530,32251,15551,7996,7555,39756,21033,18723,11474,5501,5973,1348,525,823,10,0,2957,24
Quay,NM,8253,3.1,4.8,33085,4029,4224,1754,858,896,4398,2168,2230,2101,1003,1098,218,85,133,0,0,196,42
Rio Arriba,NM,39006,6.9,5.2,41511,19075,19931,9121,4531,4590,22327,11066,11261,7558,3478,4080,830,302,528,8,2360708465,1277,4
Roosevelt,NM,18743,8.1,4.3,41700,9375,9368,4552,2339,2213,11519,5810,5709,2672,1226,1446,321,118,203,0,0,767,0
Sandoval,NM,145179,35.5,5,57036,71144,74035,33748,17301,16447,85675,42085,43590,25756,11758,13998,2419,897,1522,0,1029581231,22780,865
San Juan,NM,125043,23.6,5.8,46578,61898,63145,33054,16748,16306,73304,36743,36561,18685,8407,10278,2245,864,1381,10,1419241326,46621,3072
San Miguel,NM,27591,6.2,5.9,35292,13671,13920,5069,2553,2516,16530,8346,8184,5992,2772,3220,564,198,366,8,1010154844,328,0
Santa Fe,NM,150056,75.5,4.1,60187,72711,77345,26988,13490,13498,86583,42566,44017,36485,16655,19830,3264,1230,2034,22,413737626,6394,64
Sierra,NM,10968,2.9,7.1,31741,5489,5479,1709,876,833,5253,2588,2665,4006,2025,1981,488,227,261,0,0,33,0
Socorro,NM,16735,2.7,5.3,33989,8396,8339,3758,1846,1912,9747,5016,4731,3230,1534,1696,340,129,211,0,0,2167,117
Taos,NM,32835,15,6.5,38405,16164,16671,5778,2992,2786,18369,9181,9188,8688,3991,4697,870,327,543,6,2453617439,1203,0
Torrance,NM,15591,4.9,7.6,39123,8264,7327,3226,1638,1588,9134,4994,4140,3231,1632,1599,291,129,162,0,41357783,1077,25
Union,NM,4118,1.2,3.3,40426,2304,1814,776,384,392,2480,1552,928,862,368,494,124,38,86,0,0,112,0
Valencia,NM,76456,71.8,5.5,46365,38350,38106,17911,9226,8685,45043,22767,22276,13502,6357,7145,1299,559,740,0,963349873,2684,32
New York,NY,1628701,69468.4,3.7,84610,771151,857550,233360,117509,115851,1126439,543835,582604,268902,109807,159095,39208,13760,25448,761,96,,
Albany,NY,307117,581.9,3.7,64536,148733,158384,56359,28754,27605,198685,97644,101041,52073,22335,29738,7767,2484,5283,120,7100041237,68478,4353
Allegany,NY,46430,47.6,5.6,46262,23569,22861,9390,4906,4484,28225,14432,13793,8815,4231,4584,1056,404,652,6,80458715,2099,7
Bronx,NY,1432132,32903.3,5.7,38566,674900,757232,354692,180414,174278,894065,422417,471648,183375,72069,111306,25827,7711,18116,270,,,
Broome,NY,191659,284.2,4.9,50928,94240,97419,36990,19106,17884,118127,59194,58933,36542,15940,20602,5908,1981,3927,47,4646957052,18154,1285
Cattaraugus,NY,76840,61.4,5.3,48017,38148,38692,16933,8631,8302,45178,22657,22521,14729,6860,7869,1846,644,1202,0,107119962,2953,45
Cayuga,NY,77145,115.7,4.5,52945,39522,37623,15155,7828,7327,47240,24838,22402,14750,6856,7894,2020,692,1328,14,3816759311,2940,56
Chautauqua,NY,127939,127.2,5,45689,63165,64774,25997,13186,12811,76238,38426,37812,25704,11553,14151,3772,1291,2481,26,2465043058,2351,106
Chemung,NY,84254,218.1,4.7,52565,41850,42404,18029,9179,8850,50250,25580,24670,15975,7091,8884,2275,783,1492,20,12635975,6237,196
Chenango,NY,47536,56.5,4.7,50312,23814,23722,9840,5004,4836,28013,14200,13813,9683,4610,5073,1157,450,707,7,0,5648,52
Clinton,NY,80695,79.1,4.4,55517,41527,39168,14491,7404,7087,52440,27775,24665,13764,6348,7416,1666,618,1048,21,618004645,4066,188
Columbia,NY,59916,99.4,3.3,64916,30001,29915,10358,5513,4845,35303,17836,17467,14255,6652,7603,1878,732,1146,9,1050024372,13116,1188
Cortland,NY,47823,98.9,5.1,51751,23370,24453,9238,4741,4497,30695,15065,15630,7890,3564,4326,1003,339,664,12,0,1712,0
Delaware,NY,44527,33.3,4.8,47382,22496,22031,7352,3733,3619,26273,13476,12797,10902,5287,5615,1332,525,807,0,65067885,3533,6
Dutchess,NY,293718,373.9,3.7,79604,146277,147441,55149,28291,26858,186936,94837,92099,51633,23149,28484,7147,2554,4593,51,3846393775,169614,4887
Erie,NY,919719,881.4,4.4,56375,444942,474777,186092,94697,91395,568575,279526,289049,165052,70719,94333,24150,7885,16265,262,5955247198,209417,16122
Essex,NY,37300,21.9,4.9,54376,19255,18045,6062,3157,2905,22495,11928,10567,8743,4170,4573,1104,413,691,0,27469715,1829,0
Franklin,NY,50293,31.7,5.2,48722,27683,22610,9750,5025,4725,32091,18640,13451,8452,4018,4434,1015,395,620,13,0,950,0
Fulton,NY,53591,112.1,5.1,51388,26670,26921,10770,5501,5269,32322,16464,15858,10499,4705,5794,1406,435,971,8,133527376,5501,267
Genesee,NY,57511,121.9,4.2,58925,28611,28900,11699,5915,5784,35062,17868,17194,10750,4828,5922,1532,505,1027,10,0,8127,145
Greene,NY,47491,76.1,4.5,54514,24854,22637,7815,4091,3724,29168,15770,13398,10508,4993,5515,1232,472,760,0,20296074,8381,95
Hamilton,NY,4434,2.8,6.8,59020,2222,2212,573,287,286,2475,1247,1228,1386,688,698,155,58,97,0,0,253,0
Herkimer,NY,61833,45.7,4.9,53168,30591,31242,12755,6509,6246,36263,18182,18081,12815,5900,6915,1714,580,1134,0,0,4014,76
Jefferson,NY,111755,91.6,5.6,52798,58764,52991,26798,13692,13106,69681,38155,31526,15276,6917,8359,1940,605,1335,10,0,3541,0
Kings,NY,2582830,35369.2,4.2,60862,1223764,1359066,588975,301088,287887,1634609,775942,858667,359246,146734,212512,50414,16753,33661,318,,,
Lewis,NY,26447,21.3,5.5,52660,13398,13049,6053,3128,2925,15549,7964,7585,4845,2306,2539,617,236,381,6,0,675,0
Livingston,NY,63227,103.5,4.3,61027,31760,31467,11155,5700,5455,40765,20895,19870,11307,5165,6142,1503,534,969,0,1756308768,4401,145
Madison,NY,70795,112.2,4.8,59114,34933,35862,13463,6876,6587,44377,22022,22355,12955,6035,6920,1559,568,991,6,0,11280,164
Monroe,NY,742474,1132.6,4.3,60240,358365,384109,154214,78740,75474,460211,224142,236069,128049,55483,72566,18320,6207,12113,191,5812682601,97320,6557
Montgomery,NY,49455,124.6,5.1,43799,24350,25105,11248,5798,5450,29004,14370,14634,9203,4182,5021,1464,496,968,8,700680467,3201,115
Nassau,NY,1358343,4704.8,3.5,115301,661427,696916,291496,149376,142120,825564,407203,418361,241283,104848,136435,38510,13349,25161,461,5957350703,2009447,113396
Niagara,NY,210433,414.4,5.2,55013,102493,107940,42064,21341,20723,128260,63404,64856,40109,17748,22361,5596,1867,3729,32,3125645388,30494,1269
Oneida,NY,229577,193.7,4.4,54096,114334,115243,48653,24756,23897,137865,70627,67238,43059,18951,24108,6854,2337,4517,51,4291877081,30315,1179
Onondaga,NY,461809,600,4,59786,222674,239135,98024,49897,48127,285150,138469,146681,78635,34308,44327,11631,3935,7696,152,5107080067,62900,3139
Ontario,NY,109864,167.6,3.9,62930,53826,56038,22144,11303,10841,65827,32725,33102,21893,9798,12095,2737,899,1838,27,166936,6399,317
Orange,NY,381951,459.3,3.9,75048,191531,190420,97160,49929,47231,231250,117966,113284,53541,23636,29905,6652,2277,4375,76,1164587189,478839,14195
Orleans,NY,40612,109.6,4.9,52658,20278,20334,7858,4009,3849,25477,12939,12538,7277,3330,3947,860,277,583,0,0,6057,552
Oswego,NY,117898,128.3,5.5,53745,59114,58784,24769,12787,11982,73864,37371,36493,19265,8956,10309,2168,781,1387,8,33533705,3994,14
Otsego,NY,59749,62.2,4.3,54321,28984,30765,9550,4898,4652,37542,18274,19268,12657,5812,6845,1712,608,1104,14,0,3495,270
Putnam,NY,98892,432.9,3.7,100887,49406,49486,19590,10037,9553,62133,31573,30560,17169,7796,9373,1980,673,1307,10,1654425852,53071,2546
Queens,NY,2278906,20553.6,3.6,68432,1105389,1173517,458457,234901,223556,1462932,719532,743400,357517,150956,206561,50445,17158,33287,129,,,
Rensselaer,NY,159442,244.4,3.9,71084,78763,80679,31191,15986,15205,101220,50734,50486,27031,12043,14988,3481,1168,2313,12,5604977882,17788,1148
Richmond,NY,476179,8030.3,4.1,79719,230765,245414,104038,53302,50736,295088,144230,150858,77053,33233,43820,9719,3221,6498,114,,,
Rockland,NY,325695,1795.9,3.7,88960,159777,165918,91712,46758,44954,182876,91047,91829,51107,21972,29135,7732,2674,5058,39,2227306266,653821,19721
St. Lawrence,NY,108047,41.8,5.6,49356,55194,52853,21894,11217,10677,67327,35282,32045,18826,8695,10131,2282,781,1501,20,883699892,9039,88
Saratoga,NY,230163,271.1,3.5,83210,113980,116183,46168,23571,22597,142267,71474,70793,41728,18935,22793,4941,1749,3192,19,3382034187,20812,159
Schenectady,NY,155350,756.6,4,63297,75706,79644,33334,17161,16173,95426,47085,48341,26590,11460,15130,4372,1467,2905,36,6350573154,27170,1271
Schoharie,NY,31097,52.7,4.8,57757,15596,15501,5405,2788,2617,18895,9541,9354,6797,3267,3530,744,298,446,0,0,2080,0
Schuyler,NY,17912,55.9,5.1,50190,8930,8982,3438,1770,1668,10652,5335,5317,3822,1825,1997,444,159,285,0,0,447,0
Seneca,NY,34300,108.9,3.9,54184,18005,16295,6804,3536,3268,20905,11416,9489,6591,3053,3538,820,320,500,0,1444835,2126,22
Steuben,NY,95796,71.2,4.9,54862,47749,48047,20504,10590,9914,56442,28478,27964,18850,8681,10169,2455,863,1592,8,2556105385,11410,678
Suffolk,NY,1481093,1637.4,3.9,100075,729117,751976,313019,159970,153049,918318,459863,458455,249756,109284,140472,34749,12028,22721,281,3938568412,1883132,73289
Sullivan,NY,75498,80.1,4.1,51985,38865,36633,16001,8202,7799,45259,23796,21463,14238,6867,7371,1399,542,857,10,1206479999,50807,924
Tioga,NY,48560,98.6,4.4,60309,24129,24431,10210,5242,4968,28496,14297,14199,9854,4590,5264,1281,474,807,0,459866733,4445,481
Tompkins,NY,102793,214,3.6,57383,50524,52269,15006,7703,7303,72887,36012,36875,14900,6809,8091,1838,652,1186,16,5660617403,8048,100
Ulster,NY,178599,162.3,3.9,63073,88505,90094,31517,15946,15571,111754,56652,55102,35328,15907,19421,4621,1623,2998,25,1586974022,70157,1179
Warren,NY,64265,75.8,4.6,56694,31572,32693,11743,6094,5649,38231,18905,19326,14291,6573,7718,1793,621,1172,24,240224441,9430,845
Washington,NY,61197,76.1,4.1,55913,31674,29523,11465,5949,5516,37813,20166,17647,11919,5559,6360,1484,538,946,0,2108901571,8363,285
Wayne,NY,90064,155.3,4.2,61118,44703,45361,19198,9710,9488,53864,27022,26842,17002,7971,9031,2022,743,1279,8,368091426,4405,26
Westchester,NY,967612,2204.7,3.9,94521,468720,498892,211912,109354,102558,590692,289400,301292,165008,69966,95042,27639,9332,18307,179,7878303181,1682493,62291
Wyoming,NY,40085,71.1,4.6,57709,21705,18380,7575,3828,3747,25322,14416,10906,7188,3461,3727,766,279,487,5,734379259,3536,155
Yates,NY,24841,75,3.8,51089,12070,12771,5448,2759,2689,14221,6854,7367,5172,2457,2715,605,219,386,0,0,1067,141
Alamance,NC,166436,356.5,3.7,50480,78937,87499,37015,18977,18038,101294,48149,53145,28127,11811,16316,3680,1231,2449,20,474885728,7927,327
Alexander,NC,37353,143.1,3.2,49138,19008,18345,7529,3816,3713,22335,11793,10542,7489,3399,4090,735,251,484,0,170978204,634,0
Alleghany,NC,11161,47.5,4.5,39735,5528,5633,1944,989,955,6194,3139,3055,3023,1400,1623,351,137,214,0,0,380,0
Anson,NC,24877,50.7,4.5,38023,12939,11938,4895,2474,2421,15388,8480,6908,4594,1985,2609,512,166,346,0,0,1793,4
Ashe,NC,27109,64,3.6,41864,13300,13809,4783,2389,2394,15359,7739,7620,6967,3172,3795,736,235,501,0,0,741,0
Avery,NC,17505,72,3.6,41701,9527,7978,2621,1319,1302,10993,6387,4606,3891,1821,2070,432,156,276,0,0,23,0
Beaufort,NC,47079,57.7,4.6,46411,22487,24592,9475,4812,4663,26323,12618,13705,11281,5057,6224,1166,376,790,8,0,1268,0
Bertie,NC,19026,30.4,4.9,35433,9599,9427,3350,1764,1586,11297,5981,5316,4379,1854,2525,597,207,390,0,0,3204,120
Bladen,NC,33190,40.2,5.3,36976,15833,17357,6782,3435,3347,19161,9205,9956,7247,3193,4054,740,248,492,4,0,2217,44
Brunswick,NC,136744,126.8,5.2,60163,65301,71443,20873,10698,10175,72801,34089,38712,43070,20514,22556,2918,1119,1799,19,402139478,3096,171
Buncombe,NC,259103,362.9,3,53960,124207,134896,47834,24474,23360,159441,77176,82265,51828,22557,29271,6381,2198,4183,166,3501150452,6637,319
Burke,NC,90382,179.3,3.6,44946,45182,45200,17095,8843,8252,54993,28252,26741,18294,8087,10207,2115,736,1379,16,0,8132,517
Cabarrus,NC,211342,492.1,3.6,69297,102992,108350,54217,27858,26359,129177,63012,66165,27948,12122,15826,2982,1003,1979,25,2081181702,17077,704
Caldwell,NC,82029,176.1,3.8,43328,40637,41392,16490,8471,8019,49237,24828,24409,16302,7338,8964,1510,509,1001,12,0,3025,37
Camden,NC,10710,41.5,3.7,65955,5336,5374,2445,1227,1218,6515,3288,3227,1750,821,929,185,72,113,0,0,78,0
Carteret,NC,69524,131.3,4.3,55052,34054,35470,12208,6403,5805,39953,19585,20368,17363,8066,9297,1796,698,1098,8,0,1705,154
Caswell,NC,22698,55.8,4.4,45517,11525,11173,4272,2172,2100,13545,7192,6353,4881,2161,2720,508,168,340,0,0,1588,24
Catawba,NC,158652,387.1,3.5,53738,77479,81173,35043,17752,17291,95272,47211,48061,28337,12516,15821,2964,971,1993,52,124321421,4539,102
Chatham,NC,73139,93.1,3.3,73703,34953,38186,14764,7305,7459,40518,19761,20757,17857,7887,9970,2201,867,1334,4,0,18879,634
Cherokee,NC,28383,60.3,4.4,41262,13832,14551,4769,2466,2303,15217,7427,7790,8397,3939,4458,786,304,482,0,0,985,62
Chowan,NC,14029,85.8,4.4,42618,6677,7352,2830,1430,1400,7743,3761,3982,3456,1486,1970,425,138,287,4,0,490,0
Clay,NC,11139,49.3,4.3,42878,5435,5704,1924,1014,910,5751,2827,2924,3464,1594,1870,315,110,205,0,0,273,0
Cleveland,NC,97645,211.3,4,42728,46924,50721,21496,10903,10593,57965,28114,29851,18184,7907,10277,1732,612,1120,57,0,2886,87
Columbus,NC,55655,62,5,36862,27545,28110,11645,5839,5806,32819,16890,15929,11191,4816,6375,1141,357,784,10,0,8782,624
Craven,NC,102912,146,4.2,50748,52028,50884,22231,11139,11092,61081,32133,28948,19600,8756,10844,2326,828,1498,72,544800772,4244,184
Cumberland,NC,332330,489.7,5.1,46779,164493,167837,82119,41597,40522,210594,106225,104369,39617,16671,22946,4201,1373,2828,48,2755993897,17379,452
Currituck,NC,27072,89.9,3.6,64426,13404,13668,6058,3038,3020,16616,8281,8335,4398,2085,2313,361,134,227,0,0,374,0
Dare,NC,36501,88.5,5.1,64768,17998,18503,6899,3522,3377,21783,10786,10997,7819,3690,4129,681,267,414,0,37941926,795,59
Davidson,NC,166614,294.7,3.7,47758,81509,85105,36559,18786,17773,99678,49151,50527,30377,13572,16805,3199,1118,2081,29,521247768,11404,388
Davie,NC,42733,156.1,3.4,60801,20849,21884,8979,4608,4371,24710,12162,12548,9044,4079,4965,1188,420,768,0,0,2292,118
Duplin,NC,58856,71.7,4.3,42725,28664,30192,13962,7181,6781,33888,16612,17276,11006,4871,6135,1385,466,919,9,0,13358,225
Durham,NC,316739,935.7,3.5,59329,151221,165518,65824,33423,32401,209445,100428,109017,41470,17370,24100,4883,1566,3317,148,4777610759,44523,1296
Edgecombe,NC,52005,111.9,6.8,38818,24036,27969,11711,5949,5762,30041,13853,16188,10253,4234,6019,1203,368,835,15,0,6143,261
Forsyth,NC,379099,859.2,3.8,50112,179783,199316,86957,44344,42613,231525,109702,121823,60617,25737,34880,7544,2490,5054,259,283056216,24010,322
Franklin,NC,67560,123.3,4,57710,33391,34169,14796,7512,7284,41412,20849,20563,11352,5030,6322,1166,380,786,0,0,5684,805
Gaston,NC,222846,578.8,3.9,52798,107389,115457,50208,25556,24652,136851,66586,70265,35787,15247,20540,3914,1233,2681,74,141041489,9051,240
Gates,NC,11573,35.8,4,51746,5731,5842,2347,1230,1117,6886,3431,3455,2340,1070,1270,276,98,178,0,0,576,10
Graham,NC,8484,30.3,5.9,39502,4239,4245,1694,895,799,4771,2407,2364,2019,937,1082,246,90,156,0,0,62,0
Granville,NC,60115,112.7,3.4,58956,30635,29480,12272,6336,5936,37550,19683,17867,10293,4616,5677,1092,344,748,6,0,9107,291
Greene,NC,21012,80.3,3.9,43591,11481,9531,4209,2173,2036,13322,7783,5539,3481,1525,1956,395,109,286,0,0,1770,36
Guilford,NC,533670,756.4,4.1,52166,252687,280983,118897,60376,58521,333824,157847,175977,80949,34464,46485,9888,3347,6541,142,3159096654,30500,1757
Halifax,NC,50574,75.5,6.1,36760,24282,26292,10830,5496,5334,29265,14358,14907,10479,4428,6051,1235,380,855,16,0,4288,45
Harnett,NC,134214,192.7,4.6,51225,66478,67736,34902,17870,17032,82589,41391,41198,16723,7217,9506,1529,490,1039,14,0,9365,617
Haywood,NC,61971,106.6,3.4,47183,29956,32015,11308,5913,5395,35415,17229,18186,15248,6814,8434,1716,590,1126,12,0,916,0
Henderson,NC,116748,286.1,3.2,54012,56031,60717,22070,11240,10830,64604,31408,33196,30074,13383,16691,3688,1442,2246,27,126733268,11294,1288
Hertford,NC,23659,69.9,5,38216,11623,12036,4467,2260,2207,14513,7424,7089,4679,1939,2740,583,174,409,10,0,2179,59
Hoke,NC,54764,120.2,5,47892,27067,27697,14936,7678,7258,34320,16936,17384,5508,2453,3055,445,148,297,0,0,5587,10
Hyde,NC,5230,9.5,8.3,40653,2862,2368,878,441,437,3271,1925,1346,1081,496,585,112,32,80,0,1853377863,33,0
Iredell,NC,178435,277.8,3.6,60044,87826,90609,41060,20974,20086,109072,54187,54885,28303,12665,15638,2627,875,1752,36,0,7961,208
Jackson,NC,43327,82.1,4.1,44502,21253,22074,7195,3683,3512,27605,13650,13955,8527,3920,4607,800,295,505,9,0,786,27
Johnston,NC,202675,213.4,3.6,60296,99289,103386,51654,26412,25242,124032,61109,62923,26989,11768,15221,2302,734,1568,24,217931941,11150,785
Jones,NC,9637,21.6,4.2,43302,4721,4916,1785,931,854,5674,2822,2852,2178,968,1210,249,77,172,0,0,861,96
Lee,NC,61452,227,4.3,48984,30064,31388,14733,7575,7158,36601,18084,18517,10118,4405,5713,1296,435,861,8,0,10691,70
Lenoir,NC,55976,148.5,4,40433,26660,29316,12606,6469,6137,32282,15516,16766,11088,4675,6413,1292,447,845,14,0,5179,187
Lincoln,NC,83770,262.7,3.4,62963,41594,42176,17649,9100,8549,51319,25735,25584,14802,6759,8043,1305,440,865,10,0,1997,0
McDowell,NC,45507,102.1,3.4,43972,22711,22796,9164,4843,4321,27026,13677,13349,9317,4191,5126,1020,323,697,9,0,1631,37
Macon,NC,35285,65.8,3.9,46426,17116,18169,6590,3388,3202,18639,9201,9438,10056,4527,5529,1092,415,677,5,0,401,55
Madison,NC,21763,46.2,3.6,44693,10726,11037,3893,2025,1868,13010,6490,6520,4860,2211,2649,539,173,366,0,0,62,0
Martin,NC,22671,53.1,5,43569,10657,12014,4587,2280,2307,12838,6119,6719,5246,2258,2988,546,183,363,6,0,1463,85
Mecklenburg,NC,1093901,1755.5,3.7,64509,526014,567887,257713,130504,127209,713639,344192,369447,122549,51318,71231,14134,4613,9521,173,4626980743,115456,2714
Mitchell,NC,15000,70.4,4.5,43967,7393,7607,2740,1402,1338,8519,4267,4252,3741,1724,2017,407,115,292,0,0,331,0
Montgomery,NC,27271,56.5,4,47757,13316,13955,6007,3008,2999,15667,7736,7931,5597,2572,3025,594,194,400,0,0,2462,113
Moore,NC,98682,126.5,3.8,59471,47539,51143,21026,10678,10348,54028,26335,27693,23628,10526,13102,3413,1321,2092,68,124079613,5451,281
Nash,NC,94016,177.3,5.1,50122,45066,48950,20572,10456,10116,56018,27150,28868,17426,7460,9966,1831,573,1258,21,2328794194,5947,133
New Hanover,NC,232274,1058.1,3.7,53419,110744,121530,42800,21895,20905,148263,70918,77345,41211,17931,23280,4659,1601,3058,57,2274912861,5660,139
Northampton,NC,19676,41.2,5.1,37233,9597,10079,3418,1795,1623,11168,5620,5548,5090,2182,2908,660,196,464,0,0,5706,321
Onslow,NC,197683,233.1,4.7,50531,109144,88539,48417,24622,23795,131000,76374,54626,18266,8148,10118,1900,712,1188,14,1642001534,3171,90
Orange,NC,146027,336.2,3.3,71920,69739,76288,28705,14820,13885,96883,45858,51025,20439,9061,11378,2039,698,1341,13,5738399501,13035,1158
Pamlico,NC,12670,39.1,4.1,46447,6412,6258,1879,955,924,7012,3682,3330,3779,1775,2004,416,172,244,0,406671488,418,0
Pasquotank,NC,39639,179.2,4.8,46355,19393,20246,8822,4535,4287,24127,11978,12149,6690,2880,3810,781,280,501,10,0,3053,181
Pender,NC,62162,60,4.1,54900,31012,31150,13781,7054,6727,37191,18783,18408,11190,5175,6015,1034,378,656,0,0,1604,27
Perquimans,NC,13422,54.4,4.8,48337,6452,6970,2462,1227,1235,7357,3589,3768,3603,1636,1967,368,146,222,0,0,802,57
Person,NC,39507,100.6,4.1,50149,19115,20392,8260,4225,4035,23522,11538,11984,7725,3352,4373,825,251,574,6,0,1371,33
Pitt,NC,179914,257.9,4.2,43303,84481,95433,38347,19693,18654,117778,54600,63178,23789,10188,13601,2636,757,1879,71,203950097,8740,91
Polk,NC,20611,86.3,3.7,50467,9889,10722,3307,1689,1618,10896,5343,5553,6408,2857,3551,934,335,599,6,0,1276,68
Randolph,NC,143351,181.1,3.7,48372,70703,72648,32263,16536,15727,85648,42785,42863,25440,11382,14058,2668,911,1757,12,391069967,15739,269
Richmond,NC,44887,98.4,5.5,38514,21990,22897,10265,5301,4964,26566,13201,13365,8056,3488,4568,813,284,529,0,222957552,3881,97
Robeson,NC,131831,141.3,5.9,35407,63581,68250,32729,16613,16116,79037,38247,40790,20065,8721,11344,1931,612,1319,25,0,16821,373
Rockingham,NC,90690,165.6,4.5,41869,43698,46992,18387,9344,9043,53751,26225,27526,18552,8129,10423,2109,686,1423,9,0,2029,113
Rowan,NC,141262,270.7,3.9,46864,69730,71532,31407,16205,15202,85025,42494,42531,24830,11031,13799,2876,954,1922,20,1804037806,22170,1140
Rutherford,NC,66826,120.2,5.1,42831,32232,34594,13786,7007,6779,38619,18843,19776,14421,6382,8039,1552,490,1062,18,0,6674,286
Sampson,NC,63626,67.1,4,42807,31415,32211,15461,7979,7482,36829,18587,18242,11336,4849,6487,1310,428,882,8,0,8298,39
Scotland,NC,34810,113.4,7.4,36730,17282,17528,7884,4092,3792,20557,10494,10063,6369,2696,3673,738,219,519,8,0,1926,0
Stanly,NC,62075,153.3,3.6,51491,30979,31096,13388,6845,6543,36954,18892,18062,11733,5242,6491,1238,392,846,10,0,1721,181
Stokes,NC,45467,105.6,3.6,50826,22364,23103,8522,4428,4094,27277,13580,13697,9668,4356,5312,1090,378,712,0,321208382,1240,0
Surry,NC,71948,138.4,3.5,46342,35001,36947,15195,7712,7483,42009,20838,21171,14744,6451,8293,1778,585,1193,10,162691355,3118,33
Swain,NC,14245,26.5,4.3,43121,6864,7381,3148,1616,1532,8368,4040,4328,2729,1208,1521,285,107,178,0,0,220,0
Transylvania,NC,34215,87.4,3.8,51398,16539,17676,5342,2736,2606,18428,9024,9404,10445,4779,5666,1331,521,810,4,0,475,0
Tyrrell,NC,4131,11.3,6.3,36765,2291,1840,770,394,376,2562,1541,1021,799,356,443,105,32,73,0,0,189,0
Union,NC,235908,318.7,3.4,80428,115992,119916,63295,32207,31088,142685,70560,72125,29928,13225,16703,2696,857,1839,14,74122875,14845,611
Vance,NC,44582,179.2,5.7,40263,20839,23743,10521,5327,5194,25817,12067,13750,8244,3445,4799,950,247,703,20,0,6963,504
Wake,NC,1092305,1078.8,3.4,80169,531546,560759,261531,132845,128686,703888,343830,360058,126886,54871,72015,13586,4610,8976,175,3679201358,54214,1005
Warren,NC,19807,48.9,5.9,38430,9775,10032,3647,1802,1845,11128,5735,5393,5032,2238,2794,633,208,425,0,0,1150,9
Washington,NC,11859,38,5.9,36042,5630,6229,2377,1200,1177,6593,3155,3438,2889,1275,1614,352,106,246,0,0,1263,133
Watauga,NC,55945,163.4,3.5,48489,27936,28009,7177,3682,3495,39915,20118,19797,8853,4136,4717,898,312,586,10,0,624,0
Wayne,NC,123248,221.7,4.3,41572,59930,63318,29181,14817,14364,73801,36500,37301,20266,8613,11653,2211,728,1483,16,1995773632,34931,576
Wilkes,NC,68557,91.9,3.7,44080,33729,34828,14043,7129,6914,39737,20015,19722,14777,6585,8192,1661,579,1082,8,0,10392,87
Wilson,NC,81455,220.6,6.1,44015,38539,42916,18681,9541,9140,47893,22710,25183,14881,6288,8593,1713,530,1183,14,394112772,10304,369
Yadkin,NC,37543,114.7,3.4,49070,18479,19064,7792,4029,3763,22185,11106,11079,7566,3344,4222,881,297,584,0,0,3146,52
Yancey,NC,17903,57,3.6,44756,8800,9103,3269,1743,1526,10027,4969,5058,4607,2088,2519,481,172,309,0,0,245,0
Adams,ND,2294,2.4,2.1,53162,1135,1159,437,224,213,1218,611,607,639,300,339,123,41,82,0,0,,
Barnes,ND,10542,7.4,2.7,54984,5315,5227,2110,1088,1022,6031,3138,2893,2401,1089,1312,409,131,278,0,0,211,0
Benson,ND,6962,4.8,3.9,42407,3555,3407,2462,1271,1191,3532,1796,1736,968,488,480,99,53,46,0,0,32,0
Billings,ND,919,0.7,2.8,76235,501,418,187,93,94,526,291,235,206,117,89,33,17,16,0,0,,
Bottineau,ND,6411,3.9,3.3,59161,3313,3098,1341,681,660,3541,1900,1641,1529,732,797,209,88,121,0,0,24,0
Bowman,ND,3076,2.7,1.9,62270,1548,1528,755,389,366,1662,847,815,659,312,347,117,43,74,0,0,55,0
Burke,ND,2100,1.8,2.4,63261,1095,1005,526,268,258,1138,619,519,436,208,228,58,17,41,0,0,215,0
Burleigh,ND,95273,49.8,2.6,72277,47746,47527,22130,11306,10824,57828,29677,28151,15315,6763,8552,2454,830,1624,72,3231114462,5349,0
Cass,ND,181516,84.9,2.3,63885,91810,89706,40855,20847,20008,118867,61192,57675,21794,9771,12023,3352,1110,2242,111,3690093026,40653,1153
Cavalier,ND,3829,2.7,2.6,60314,1958,1871,859,447,412,1938,1029,909,1032,482,550,180,66,114,0,0,,
Dickey,ND,4903,4.7,1.8,53286,2435,2468,1206,621,585,2695,1366,1329,1002,448,554,188,61,127,0,0,,
Divide,ND,2283,1.6,1.3,58715,1194,1089,511,278,233,1195,626,569,577,290,287,106,33,73,0,0,65,0
Dunn,ND,4332,1.8,1.6,66383,2306,2026,1032,523,509,2610,1438,1172,690,345,345,87,35,52,0,0,520,0
Eddy,ND,2313,3.8,4.9,51327,1148,1165,545,289,256,1236,629,607,532,230,302,104,25,79,0,0,113,0
Emmons,ND,3295,2.4,4.8,47976,1672,1623,652,330,322,1724,903,821,919,439,480,168,69,99,0,0,99,55
Foster,ND,3216,5.3,2.6,58096,1594,1622,680,315,365,1812,955,857,724,324,400,154,54,100,0,0,68,0
Golden Valley,ND,1769,1.7,2,58075,880,889,394,201,193,943,491,452,432,188,244,86,28,58,0,0,,
Grand Forks,ND,70770,46.5,2.3,54311,36545,34225,14927,7615,7312,46866,24888,21978,8977,4042,4935,1295,417,878,26,3830900014,11948,67
Grant,ND,2374,1.4,2.6,41295,1185,1189,488,227,261,1176,605,571,710,353,357,107,49,58,0,0,83,0
Griggs,ND,2232,3.4,2.3,54250,1149,1083,454,234,220,1104,578,526,674,337,337,118,33,85,0,0,10,0
Hettinger,ND,2514,2.2,2,51455,1218,1296,610,297,313,1340,645,695,564,276,288,103,44,59,0,0,,
Kidder,ND,2450,1.8,4.4,45401,1268,1182,516,265,251,1334,705,629,600,298,302,83,28,55,0,0,,
LaMoure,ND,4062,3.6,1.9,54514,2096,1966,871,478,393,2093,1085,1008,1098,533,565,222,87,135,0,0,,
Logan,ND,1903,2,2.6,50141,983,920,438,235,203,971,518,453,494,230,264,87,35,52,0,0,,
McHenry,ND,5816,2.9,3.9,54795,3012,2804,1392,734,658,3237,1712,1525,1187,566,621,183,59,124,0,0,90,63
McIntosh,ND,2585,2.9,2.7,47288,1261,1324,483,252,231,1309,676,633,793,333,460,195,55,140,0,0,67,0
McKenzie,ND,13632,2.3,1.7,76224,7277,6355,4292,2244,2048,8092,4423,3669,1248,610,638,156,59,97,0,0,706,0
McLean,ND,9541,4.2,3.3,64524,4867,4674,2070,1037,1033,5223,2703,2520,2248,1127,1121,259,96,163,0,0,265,0
Mercer,ND,8267,8.1,4.2,82303,4269,3998,1904,977,927,4771,2549,2222,1592,743,849,235,79,156,0,0,113,0
Morton,ND,31095,14.3,3.3,68043,15731,15364,7192,3637,3555,18700,9741,8959,5203,2353,2850,880,266,614,0,2255161651,2131,112
Mountrail,ND,10218,4.2,1.6,67162,5482,4736,2743,1384,1359,6282,3513,2769,1193,585,608,135,59,76,0,428540019,1949,0
Nelson,ND,2869,3.2,3.4,50093,1472,1397,554,272,282,1543,819,724,772,381,391,128,48,80,0,0,49,0
Oliver,ND,1952,2.6,4.1,68243,1020,932,491,240,251,1028,555,473,433,225,208,53,22,31,0,0,63,0
Pembina,ND,6947,6.6,3.9,58766,3669,3278,1446,760,686,3894,2094,1800,1607,815,792,293,116,177,0,0,177,0
Pierce,ND,4081,4.3,3.2,47360,2089,1992,915,457,458,2204,1202,1002,962,430,532,209,64,145,0,1498313437,174,0
Ramsey,ND,11481,9.6,2.9,54814,5783,5698,2719,1365,1354,6480,3333,3147,2282,1085,1197,376,136,240,0,1098418351,325,14
Ransom,ND,5237,6.3,1.9,61634,2723,2514,1180,641,539,2976,1544,1432,1081,538,543,230,87,143,0,0,150,0
Renville,ND,2374,2.8,2.4,60205,1241,1133,538,282,256,1354,722,632,482,237,245,82,30,52,0,0,35,0
Richland,ND,16239,11.4,2.6,61174,8369,7870,3559,1810,1749,9776,5159,4617,2904,1400,1504,525,200,325,0,0,482,0
Rolette,ND,14301,15.4,9.4,42021,7121,7180,4857,2501,2356,7773,3854,3919,1671,766,905,169,60,109,0,0,125,0
Sargent,ND,3870,4.5,1.9,64756,2080,1790,803,425,378,2195,1235,960,872,420,452,120,44,76,0,0,103,0
Sheridan,ND,1349,1.4,4.7,39439,677,672,256,134,122,656,342,314,437,201,236,89,38,51,0,0,,
Sioux,ND,4358,3.8,4.1,37002,2173,2185,1553,769,784,2452,1233,1219,353,171,182,35,19,16,0,0,80,0
Slope,ND,763,0.6,2.3,49843,399,364,155,75,80,433,240,193,175,84,91,28,11,17,0,0,170,0
Stark,ND,30997,18.1,2.4,71888,16051,14946,8355,4293,4062,18438,9861,8577,4204,1897,2307,840,276,564,4,0,2924,105
Steele,ND,1903,2.8,2,66929,995,908,414,215,199,1030,546,484,459,234,225,47,21,26,0,0,15,0
Stutsman,ND,20917,9.5,2.5,57002,10758,10159,4190,2089,2101,12734,6863,5871,3993,1806,2187,684,229,455,6,0,540,0
Towner,ND,2192,2.2,2.6,51848,1107,1085,463,232,231,1179,626,553,550,249,301,91,23,68,0,0,,
Traill,ND,8037,9.4,2.6,59931,4079,3958,1836,948,888,4626,2411,2215,1575,720,855,308,91,217,0,0,205,0
Walsh,ND,10667,8.7,3.2,59705,5460,5207,2421,1285,1136,5984,3135,2849,2262,1040,1222,380,133,247,0,0,412,0
Ward,ND,67744,30.6,2.9,63938,35487,32257,15964,8138,7826,43140,23397,19743,8640,3952,4688,1386,520,866,19,351278443,1654,50
Wells,ND,3957,3.3,3,58261,2006,1951,832,432,400,2026,1056,970,1099,518,581,208,85,123,0,0,86,0
Williams,ND,35350,10.8,2,79354,19043,16307,10135,5161,4974,21827,12303,9524,3388,1579,1809,530,176,354,0,39855319,849,0
Adams,OH,27724,48.9,7.1,42154,13750,13974,6591,3413,3178,16162,7991,8171,4971,2346,2625,487,173,314,0,0,302,14
Allen,OH,102663,264.2,4.5,50301,51787,50876,23667,12185,11482,60879,31553,29326,18117,8049,10068,2564,827,1737,62,1973199558,6901,1142
Ashland,OH,53745,125.6,4.6,54362,26466,27279,12098,6204,5894,31591,15677,15914,10056,4585,5471,1308,452,856,6,0,621,0
Ashtabula,OH,97493,144.6,5.3,46950,49141,48352,21521,11113,10408,57383,29498,27885,18589,8530,10059,2277,791,1486,19,0,8801,904
Athens,OH,65818,128.6,5.8,40416,32768,33050,9568,4896,4672,47579,24004,23575,8671,3868,4803,888,262,626,0,3821713102,405,63
Auglaize,OH,45804,114.5,3.3,63754,22885,22919,11046,5655,5391,26332,13405,12927,8426,3825,4601,1206,415,791,6,0,2138,138
Belmont,OH,67505,132.3,5.5,48989,34507,32998,12769,6558,6211,40664,21696,18968,14072,6253,7819,1974,645,1329,15,1419395409,11348,379
Brown,OH,43602,91.5,5.4,55334,21616,21986,9944,5039,4905,25796,12880,12916,7862,3697,4165,875,348,527,0,50672557,846,62
Butler,OH,382378,788.2,4.1,61053,187579,194799,89730,45789,43941,236472,116822,119650,56176,24968,31208,6701,2377,4324,74,1787700703,22931,620
Carroll,OH,27081,73.1,5.3,50002,13557,13524,5695,2964,2731,15666,7935,7731,5720,2658,3062,692,239,453,0,0,1218,63
Champaign,OH,38754,93.5,3.8,57701,19307,19447,8579,4393,4186,23142,11723,11419,7033,3191,3842,766,277,489,0,0,901,52
Clark,OH,134585,348,4.6,50089,65152,69433,30121,15428,14693,78342,38186,40156,26122,11538,14584,3346,1224,2122,38,1422821803,5274,129
Clermont,OH,205466,436.5,4.1,65280,101344,104122,47330,24273,23057,124603,61951,62652,33533,15120,18413,3637,1250,2387,16,250403825,6244,167
Clinton,OH,42057,102.9,5.3,53947,20748,21309,9690,5015,4675,25191,12513,12678,7176,3220,3956,853,297,556,6,0,1770,3
Columbiana,OH,102665,202.7,5.2,44938,51934,50731,20873,10709,10164,60742,31700,29042,21050,9525,11525,2664,903,1761,20,4417758,17878,1604
Coshocton,OH,36629,65.4,6.2,46420,18159,18470,8685,4557,4128,20813,10384,10429,7131,3218,3913,856,295,561,7,0,1172,0
Crawford,OH,41550,109,5.2,44715,20314,21236,8968,4564,4404,23860,11925,11935,8722,3825,4897,1121,397,724,9,0,3448,63
Cuyahoga,OH,1243857,2800,5.2,50006,593444,650413,257882,131535,126347,759992,366911,393081,225983,94998,130985,33904,11095,22809,680,7000999341,145512,6850
Darke,OH,51323,88.5,3.9,53853,25478,25845,12134,6247,5887,29111,14729,14382,10078,4502,5576,1338,455,883,6,0,5165,759
Defiance,OH,38165,94.9,4.4,56740,18932,19233,8733,4469,4264,22332,11224,11108,7100,3239,3861,858,282,576,8,77116888,1265,50
Delaware,OH,204826,393.2,3.4,103536,101563,103263,53818,27473,26345,122946,61210,61736,28062,12880,15182,2888,1088,1800,6,1248928001,11146,308
Erie,OH,74615,306.4,5.6,53135,36441,38174,15074,7618,7456,43201,21269,21932,16340,7554,8786,2133,855,1278,18,470768965,4173,201
Fairfield,OH,155782,289.8,4,67654,77509,78273,37402,19214,18188,93745,47168,46577,24635,11127,13508,2691,980,1711,20,57332103,8898,130
Fayette,OH,28666,71.4,4.1,47733,14095,14571,6693,3415,3278,16882,8431,8451,5091,2249,2842,488,160,328,6,0,1194,0
Franklin,OH,1310300,2186.1,3.8,60383,640086,670214,304643,154999,149644,848266,418220,430046,157391,66867,90524,18170,6297,11873,449,4555961878,173765,6057
Fulton,OH,42276,105.3,4.4,62800,21003,21273,9935,5202,4733,24830,12433,12397,7511,3368,4143,1007,333,674,7,0,1365,0
Gallia,OH,29979,66.3,6.1,43785,14839,15140,6797,3518,3279,17461,8760,8701,5721,2561,3160,653,203,450,14,0,371,69
Geauga,OH,94031,233.4,4.3,84093,46668,47363,21496,10939,10557,53376,26895,26481,19159,8834,10325,2428,859,1569,12,0,9422,882
Greene,OH,167995,390.5,4,68380,82804,85191,34671,17875,16796,104495,51889,52606,28829,13040,15789,3597,1283,2314,20,49049012,3212,210
Guernsey,OH,39022,76.8,5.5,44623,19472,19550,8637,4468,4169,22760,11455,11305,7625,3549,4076,855,321,534,11,1410705639,1028,2
Hamilton,OH,816684,1976.7,4.1,57300,394506,422178,187547,95453,92094,503886,245754,258132,125251,53299,71952,17362,5737,11625,297,4539612219,82378,4323
Hancock,OH,75930,140.7,3.4,61579,37555,38375,16855,8568,8287,45963,23202,22761,13112,5785,7327,1716,578,1138,34,0,2078,53
Hardin,OH,31480,68.1,4.4,49580,15674,15806,7318,3831,3487,19109,9583,9526,5053,2260,2793,600,213,387,0,0,1388,0
Harrison,OH,15174,39.4,5.3,50301,7552,7622,3183,1642,1541,8764,4395,4369,3227,1515,1712,394,127,267,0,0,292,0
Henry,OH,27086,67.8,4.9,57705,13378,13708,6286,3149,3137,15745,7930,7815,5055,2299,2756,703,248,455,5,0,390,0
Highland,OH,43058,78.8,5.5,49161,21138,21920,10269,5205,5064,24834,12320,12514,7955,3613,4342,957,351,606,0,0,683,28
Hocking,OH,28385,69.7,5.1,50568,14083,14302,6248,3159,3089,16721,8378,8343,5416,2546,2870,497,195,302,4,0,1511,74
Holmes,OH,43892,100.3,3.3,60828,21977,21915,13636,6977,6659,24237,12268,11969,6019,2732,3287,817,290,527,4,0,571,42
Huron,OH,58504,121.3,5.9,55202,28903,29601,14086,7165,6921,34388,17245,17143,10030,4493,5537,1183,419,764,12,0,1855,64
Jackson,OH,32384,79,6.6,44726,15868,16516,7652,3932,3720,19130,9494,9636,5602,2442,3160,575,175,400,4,0,369,0
Jefferson,OH,65767,170.7,6.3,42821,31955,33812,12596,6498,6098,38998,19131,19867,14173,6326,7847,1738,570,1168,20,53469266,2572,66
Knox,OH,61893,115.9,4.3,56885,30310,31583,14061,7183,6878,36601,18035,18566,11231,5092,6139,1369,504,865,12,0,999,60
Lake,OH,230514,1011.2,4.7,65883,112549,117965,46209,23611,22598,138239,68875,69364,46066,20063,26003,6066,1989,4077,27,2495414644,10916,460
Lawrence,OH,59866,137.7,5.6,43031,29139,30727,13009,6685,6324,35544,17408,18136,11313,5046,6267,1192,446,746,0,835391954,1327,1
Licking,OH,175769,243.9,4,66145,86261,89508,40733,21023,19710,106130,52381,53749,28906,12857,16049,3060,1058,2002,38,52804343,8227,344
Logan,OH,45358,100,3.7,61699,22471,22887,10420,5321,5099,26713,13410,13303,8225,3740,4485,912,326,586,6,0,1171,0
Lorain,OH,309461,613.6,5.4,59265,152269,157192,68166,34932,33234,184666,92214,92452,56629,25123,31506,7144,2467,4677,75,657850911,25935,1917
Lucas,OH,429899,1296.2,5.3,47865,208402,221497,98562,50340,48222,261290,127769,133521,70047,30293,39754,9133,3014,6119,251,344548302,78487,6985
Madison,OH,44413,93.2,3.8,61645,24092,20321,9117,4621,4496,28433,16349,12084,6863,3122,3741,716,260,456,13,0,4130,238
Mahoning,OH,229642,580.2,5.9,48010,112452,117190,45992,23622,22370,135505,68018,67487,48145,20812,27333,7357,2375,4982,67,2892793715,52509,5569
Marion,OH,65256,164.7,4.4,45419,34658,30598,13671,7028,6643,40007,22427,17580,11578,5203,6375,1459,547,912,15,0,104941,535
Medina,OH,179146,409,4.3,76475,88684,90462,39987,20512,19475,107169,53518,53651,31990,14654,17336,3583,1268,2315,12,491942356,11176,815
Meigs,OH,23106,55.3,7.3,44286,11391,11715,4932,2519,2413,13584,6766,6818,4590,2106,2484,529,182,347,0,0,161,0
Mercer,OH,40959,88.3,2.8,62782,20660,20299,10531,5420,5111,23143,11905,11238,7285,3335,3950,1080,378,702,5,0,4123,100
Miami,OH,106222,252.1,3.9,59922,52324,53898,24389,12453,11936,62060,31046,31014,19773,8825,10948,2216,814,1402,10,0,12541,1467
Monroe,OH,13790,32.1,7.8,46314,6933,6857,2796,1418,1378,7751,3960,3791,3243,1555,1688,365,120,245,0,0,1337,127
Montgomery,OH,532331,1159.5,4.5,51071,256382,275949,117543,60146,57397,319205,155604,163601,95583,40632,54951,13316,4510,8806,196,4799090963,20830,577
Morgan,OH,14604,36.2,6,40557,7284,7320,3060,1571,1489,8425,4233,4192,3119,1480,1639,363,117,246,0,0,224,0
Morrow,OH,35112,85.8,4.5,60452,17495,17617,8013,4072,3941,21044,10624,10420,6055,2799,3256,673,236,437,3,0,3369,35
Muskingum,OH,86183,129.5,5.3,49586,41821,44362,19458,9942,9516,51344,25247,26097,15381,6632,8749,1974,672,1302,48,2099258265,1298,0
Noble,OH,14354,36.8,6.7,48792,8371,5983,2634,1338,1296,7769,4614,3155,3951,2419,1532,428,138,290,0,0,245,0
Ottawa,OH,40769,162.5,6.3,58345,20227,20542,7572,3779,3793,22999,11584,11415,10198,4864,5334,1197,446,751,4,0,2581,149
Paulding,OH,18760,47.1,4.1,53876,9357,9403,4399,2245,2154,10876,5522,5354,3485,1590,1895,404,131,273,0,0,463,0
Perry,OH,36033,88.4,5.6,51534,18051,17982,8443,4326,4117,21648,11004,10644,5942,2721,3221,568,177,391,0,0,713,27
Pickaway,OH,58086,111.1,4.3,58742,30479,27607,12446,6281,6165,36525,20146,16379,9115,4052,5063,1067,391,676,8,0,80515,973
Pike,OH,28067,65.2,6.5,45163,13942,14125,6613,3455,3158,16445,8219,8226,5009,2268,2741,637,236,401,0,0,207,0
Portage,OH,162927,331.2,4.6,63689,79918,83009,30531,15602,14929,105602,52012,53590,26794,12304,14490,2966,1137,1829,16,2288271043,13662,2176
Preble,OH,40997,99.7,4.1,53904,20299,20698,9174,4699,4475,23930,11948,11982,7893,3652,4241,815,300,515,0,1169652,1406,54
Putnam,OH,33780,71.5,3.4,64304,16863,16917,8607,4384,4223,19299,9792,9507,5874,2687,3187,855,307,548,0,0,3059,434
Richland,OH,121099,251.3,4.9,49668,61512,59587,26163,13373,12790,71371,37947,33424,23565,10192,13373,3258,1136,2122,37,2038050528,5965,96
Ross,OH,76931,113.3,4.6,49385,40281,36650,16271,8348,7923,47808,26156,21652,12852,5777,7075,1287,447,840,12,0,2381,50
Sandusky,OH,58799,149.2,4.5,53978,29117,29682,13119,6750,6369,34639,17421,17218,11041,4946,6095,1423,492,931,18,0,2133,313
Scioto,OH,75502,130.3,6.8,41267,37285,38217,16334,8340,7994,45376,22900,22476,13792,6045,7747,1720,572,1148,16,3530634,552,0
Seneca,OH,55207,103,4.4,52165,27592,27615,12101,6246,5855,33089,16918,16171,10017,4428,5589,1397,407,990,9,0,792,79
Shelby,OH,48627,121.2,3.8,63398,24423,24204,12077,6273,5804,28509,14487,14022,8041,3663,4378,1046,371,675,7,0,1803,54
Stark,OH,371574,652.9,4.9,52310,180539,191035,79684,40872,38812,219597,108035,111562,72293,31632,40661,9813,3284,6529,128,3654821096,23611,2885
Summit,OH,541918,1312.6,4.7,58890,262912,279006,113228,57591,55637,331458,163051,168407,97232,42270,54962,13142,4490,8652,170,3631947172,42273,4133
Trumbull,OH,198627,340.1,6.2,47424,96722,101905,40788,20879,19909,114908,56887,58021,42931,18956,23975,5727,1996,3731,42,610722231,20028,1661
Tuscarawas,OH,92176,163.1,4.6,51030,45484,46692,21060,10817,10243,53041,26751,26290,18075,7916,10159,2513,871,1642,38,0,8538,44
Union,OH,57835,121.1,3.5,84861,27731,30104,14311,7312,6999,36408,17201,19207,7116,3218,3898,761,300,461,7,0,1471,4
Van Wert,OH,28281,70.3,3.5,54331,14010,14271,6591,3382,3209,16324,8231,8093,5366,2397,2969,753,233,520,5,0,204,0
Vinton,OH,13139,32.6,6.2,43457,6587,6552,2876,1474,1402,7925,4010,3915,2338,1103,1235,207,67,140,0,0,458,11
Warren,OH,232173,530,3.9,87391,116699,115474,57270,29341,27929,141257,72231,69026,33646,15127,18519,3755,1332,2423,57,318350377,10844,617
Washington,OH,60155,97.8,5.6,50904,29533,30622,11844,5981,5863,35648,17830,17818,12663,5722,6941,1528,548,980,11,2831108,5059,650
Wayne,OH,115967,206.4,3.6,59142,57649,58318,28090,14484,13606,67150,33787,33363,20727,9378,11349,2706,964,1742,14,0,8375,1689
Williams,OH,36804,89.4,3.6,54581,18324,18480,8385,4230,4155,21491,11004,10487,6928,3090,3838,943,313,630,7,7684196,1754,47
Wood,OH,130696,203.3,4,64282,64394,66302,26642,13712,12930,84056,41768,42288,19998,8914,11084,2534,888,1646,10,402505556,9822,1394
Wyandot,OH,21935,55.6,3.2,55995,10903,11032,4957,2554,2403,12705,6429,6276,4273,1920,2353,613,192,421,5,0,1370,104
Oklahoma,OK,792582,1013.8,3.3,52346,388135,404447,203382,103955,99427,480882,237022,243860,108318,47158,61160,13103,4490,8613,300,2253027156,48078,2094
Adair,OK,22082,39.6,4.2,35156,11015,11067,5869,2988,2881,12701,6345,6356,3512,1682,1830,336,133,203,0,0,3436,156
Alfalfa,OK,5754,6.5,2.2,52952,3434,2320,1131,609,522,3494,2281,1213,1129,544,585,169,65,104,0,0,49,0
Atoka,OK,13838,14.5,4.1,39702,7200,6638,3109,1614,1495,7983,4321,3662,2746,1265,1481,280,123,157,0,0,69,0
Beaver,OK,5319,3.1,2,52550,2688,2631,1377,702,675,2893,1484,1409,1049,502,547,150,61,89,0,0,682,0
Beckham,OK,21709,24.5,2.6,47825,11653,10056,5317,2714,2603,13278,7554,5724,3114,1385,1729,420,159,261,6,0,250,0
Blaine,OK,9485,12.9,2,49513,4670,4815,2475,1275,1200,5148,2579,2569,1862,816,1046,261,80,181,0,0,95,0
Bryan,OK,47192,46.9,3.1,43445,23069,24123,11054,5616,5438,27661,13643,14018,8477,3810,4667,948,356,592,8,1388519127,637,41
Caddo,OK,28977,23.2,3.6,48533,15204,13773,7285,3730,3555,16811,9318,7493,4881,2156,2725,585,205,380,0,0,4509,356
Canadian,OK,144447,128.9,2.8,70942,71712,72735,37771,19155,18616,87906,44116,43790,18770,8441,10329,1883,666,1217,8,0,5605,160
Carter,OK,48177,57.8,3.5,48660,23451,24726,12075,6120,5955,27999,13907,14092,8103,3424,4679,1018,287,731,13,300398319,514,35
Cherokee,OK,48675,62.7,4.2,42913,23794,24881,10655,5335,5320,29890,14757,15133,8130,3702,4428,827,326,501,30,0,1494,55
Choctaw,OK,14668,19.7,5,35308,7036,7632,3541,1768,1773,8091,3877,4214,3036,1391,1645,360,132,228,0,0,434,4
Cimarron,OK,2153,1.3,1.9,46777,1102,1051,535,292,243,1070,552,518,548,258,290,59,26,33,0,0,41,0
Cleveland,OK,281669,474.7,2.9,62343,140424,141245,60612,30944,29668,183398,92826,90572,37659,16654,21005,4168,1528,2640,77,146710428,23472,1652
Coal,OK,5520,11.5,3.8,39396,2751,2769,1333,711,622,3066,1563,1503,1121,477,644,147,43,104,0,0,13,0
Comanche,OK,120422,116.1,3.9,51382,62410,58012,28332,14379,13953,76898,41153,35745,15192,6878,8314,1865,724,1141,58,0,7759,90
Cotton,OK,5776,9.8,3.1,43386,2840,2936,1299,649,650,3358,1671,1687,1119,520,599,113,40,73,0,0,289,63
Craig,OK,14306,19.7,3.5,43074,7328,6978,3154,1595,1559,8352,4499,3853,2800,1234,1566,335,103,232,0,0,630,0
Creek,OK,71604,73.6,3.8,54478,35428,36176,17201,8851,8350,41765,20931,20834,12638,5646,6992,1482,513,969,0,75633459,4519,321
Custer,OK,29036,27.8,2.4,49577,14446,14590,7244,3654,3590,17774,9061,8713,4018,1731,2287,599,226,373,4,0,625,0
Delaware,OK,42733,56.2,3.9,40287,21050,21683,8555,4390,4165,23497,11496,12001,10681,5164,5517,1018,441,577,6,0,4677,599
Dewey,OK,4894,4.8,1.9,50728,2413,2481,1324,657,667,2668,1357,1311,902,399,503,100,27,73,0,0,113,0
Ellis,OK,3952,3.4,2.2,51867,1940,2012,914,448,466,2152,1099,1053,886,393,493,108,27,81,0,0,,
Garfield,OK,60913,57.2,3,52387,30323,30590,15721,8019,7702,35210,17959,17251,9982,4345,5637,1458,532,926,30,0,974,52
Garvin,OK,27811,34.4,3.3,47858,13727,14084,6891,3478,3413,15933,8008,7925,4987,2241,2746,601,235,366,0,345608891,829,33
Grady,OK,55551,47.6,3.1,56489,27773,27778,13370,6969,6401,33167,16682,16485,9014,4122,4892,935,335,600,9,0,2458,86
Grant,OK,4326,4.5,2.1,49073,2145,2181,1029,502,527,2346,1213,1133,951,430,521,136,53,83,0,0,110,0
Greer,OK,5821,9.8,4,37445,3347,2474,1173,585,588,3612,2321,1291,1036,441,595,176,55,121,0,0,3394,333
Harmon,OK,2664,5.4,2.9,38537,1273,1391,675,303,372,1464,738,726,525,232,293,80,23,57,0,0,,
Harper,OK,3797,3.5,2.3,55112,1898,1899,1019,496,523,2092,1102,990,686,300,386,102,36,66,0,0,44,0
Haskell,OK,12668,22.1,5.1,37776,6331,6337,2978,1576,1402,7120,3539,3581,2570,1216,1354,283,97,186,0,0,211,0
Hughes,OK,13335,17.4,4.2,37566,7182,6153,2900,1528,1372,7926,4559,3367,2509,1095,1414,321,120,201,0,0,3,0
Jackson,OK,24949,32.9,3,47747,12392,12557,6310,3172,3138,14938,7577,7361,3701,1643,2058,490,175,315,6,0,899,32
Jefferson,OK,6123,8.5,3.4,37338,3062,3061,1478,746,732,3338,1719,1619,1307,597,710,147,54,93,0,0,123,0
Johnston,OK,10949,17,2.9,39756,5416,5533,2573,1326,1247,6247,3092,3155,2129,998,1131,204,80,124,0,0,142,0
Kay,OK,44161,50.6,4.7,45700,21932,22229,11091,5677,5414,24531,12489,12042,8539,3766,4773,1183,415,768,6,0,2905,333
Kingfisher,OK,15816,16.7,2.1,59266,7878,7938,4291,2200,2091,9002,4542,4460,2523,1136,1387,332,114,218,0,0,457,0
Kiowa,OK,8729,9.3,4.2,37831,4338,4391,2045,1033,1012,4955,2499,2456,1729,806,923,166,58,108,0,0,251,0
Latimer,OK,10231,15.4,6,38284,5187,5044,2198,1111,1087,5763,2915,2848,2270,1161,1109,351,181,170,0,0,282,58
Le Flore,OK,49980,31.7,4.6,38709,25125,24855,11997,6214,5783,28945,14752,14193,9038,4159,4879,976,367,609,4,0,563,24
Lincoln,OK,34920,36,3.5,48039,17388,17532,8310,4239,4071,20210,10154,10056,6400,2995,3405,689,291,398,0,0,880,57
Logan,OK,47291,56.3,3,69114,23438,23853,10869,5572,5297,28961,14277,14684,7461,3589,3872,797,315,482,0,0,845,33
Love,OK,10134,18.3,2.1,48725,5052,5082,2461,1214,1247,5738,2885,2853,1935,953,982,194,73,121,0,0,262,0
McClain,OK,39985,60.5,2.8,65831,19844,20141,10265,5292,4973,23526,11657,11869,6194,2895,3299,564,223,341,0,159851288,3454,68
McCurtain,OK,32703,17.9,5.5,37390,16071,16632,8219,4210,4009,18523,9134,9389,5961,2727,3234,674,246,428,0,0,644,2
McIntosh,OK,19815,32.7,5.9,37468,9788,10027,4025,2117,1908,10786,5290,5496,5004,2381,2623,564,216,348,0,0,261,13
Major,OK,7644,7.9,2.1,56102,3744,3900,1932,947,985,4112,2085,2027,1600,712,888,213,75,138,0,0,212,48
Marshall,OK,16806,42.7,3.8,42258,8230,8576,3880,1929,1951,9276,4579,4697,3650,1722,1928,405,166,239,0,0,179,0
Mayes,OK,41107,63,3.4,50951,20539,20568,9598,4979,4619,23933,12079,11854,7576,3481,4095,703,267,436,0,0,1314,196
Murray,OK,13953,32.4,2.9,50031,7014,6939,3213,1718,1495,7986,3992,3994,2754,1304,1450,303,131,172,0,0,92,0
Muskogee,OK,68362,87.6,4,43911,33301,35061,16639,8452,8187,40290,19862,20428,11433,4987,6446,1385,474,911,24,0,1733,270
Noble,OK,11289,15.8,2.6,54210,5610,5679,2661,1380,1281,6441,3241,3200,2187,989,1198,269,91,178,0,0,412,0
Nowata,OK,10218,18.6,4.2,45734,5095,5123,2328,1194,1134,5928,3006,2922,1962,895,1067,237,103,134,0,0,1086,0
Okfuskee,OK,12098,19.7,4.8,37545,6523,5575,2732,1420,1312,7222,4089,3133,2144,1014,1130,236,91,145,0,0,87,0
Okmulgee,OK,38335,57.5,4.9,42354,18967,19368,9009,4655,4354,22085,11153,10932,7241,3159,4082,880,313,567,0,0,1001,0
Osage,OK,47014,21.1,4.3,48826,23567,23447,10217,5217,5000,27411,14007,13404,9386,4343,5043,977,404,573,0,0,4385,436
Ottawa,OK,31175,67.6,3.5,38194,15313,15862,7643,3973,3670,17812,8797,9015,5720,2543,3177,686,230,456,9,0,1738,58
Pawnee,OK,16390,29.2,4.1,46949,8125,8265,3878,1990,1888,9348,4670,4678,3164,1465,1699,336,136,200,0,0,1772,123
Payne,OK,82040,113,2.9,47748,41905,40135,15813,8165,7648,55919,29108,26811,10308,4632,5676,1355,546,809,11,0,2432,37
Pittsburg,OK,43877,35.1,3.9,42376,22362,21515,9745,5016,4729,25342,13359,11983,8790,3987,4803,1049,409,640,15,0,1638,111
Pontotoc,OK,38247,52,3.1,48450,18570,19677,9257,4663,4594,22674,11158,11516,6316,2749,3567,836,297,539,12,0,628,79
Pottawatomie,OK,72679,88.2,3.7,48499,34813,37866,17176,8741,8435,43649,20783,22866,11854,5289,6565,1311,472,839,14,0,2587,202
Pushmataha,OK,11179,8.3,5.2,37026,5489,5690,2477,1262,1215,6130,3054,3076,2572,1173,1399,306,126,180,0,0,48,0
Roger Mills,OK,3656,3.2,2.4,53871,1817,1839,922,450,472,1974,1021,953,760,346,414,98,44,54,0,0,,
Rogers,OK,91984,128.6,3.3,61849,45861,46123,21478,11060,10418,55425,27756,27669,15081,7045,8036,1575,660,915,6,0,3176,190
Seminole,OK,24578,40.3,4.7,37901,12057,12521,6094,3112,2982,14052,6951,7101,4432,1994,2438,493,163,330,0,0,818,88
Sequoyah,OK,41179,63,4.3,38998,20267,20912,9421,4823,4598,23956,11869,12087,7802,3575,4227,770,324,446,0,0,709,156
Stephens,OK,43265,51.8,3.9,46512,20912,22353,10012,5027,4985,24621,12068,12553,8632,3817,4815,1121,407,714,9,0,1328,60
Texas,OK,20455,10.1,2.8,51812,10943,9512,5699,2960,2739,12359,6830,5529,2397,1153,1244,283,107,176,0,0,19409,136
Tillman,OK,7348,9.2,3.7,41186,3706,3642,1700,821,879,4179,2199,1980,1469,686,783,161,63,98,0,0,625,20
Tulsa,OK,648360,1058.1,3.3,55796,316369,331991,164042,83967,80075,391000,192277,198723,93318,40125,53193,11906,4091,7815,379,2601829384,35818,1846
Wagoner,OK,80110,130.1,3.3,62889,39674,40436,19503,10015,9488,47550,23563,23987,13057,6096,6961,1162,455,707,6,0,6781,742
Washington,OK,51843,122.7,3.9,53992,25268,26575,12408,6354,6054,29336,14483,14853,10099,4431,5668,1495,549,946,8,0,13215,1121
Washita,OK,11127,11.6,3.1,47484,5522,5605,2819,1461,1358,6301,3179,3122,2007,882,1125,298,90,208,0,0,26,0
Woods,OK,8897,6.9,2.2,51715,4746,4151,1809,934,875,5566,3105,2461,1522,707,815,259,96,163,0,0,129,0
Woodward,OK,20222,16.2,2.8,55134,10634,9588,4949,2534,2415,12095,6647,5448,3178,1453,1725,331,124,207,6,0,93,0
Baker,OR,16006,5.3,5.5,45972,8146,7860,3135,1625,1510,8644,4425,4219,4227,2096,2131,491,232,259,2,1689945366,28,0
Benton,OR,92101,126.6,3.2,63600,46216,45885,14968,7581,7387,62188,31645,30543,14945,6990,7955,1776,667,1109,12,4377076012,2312,252
Clackamas,OR,416075,201,3.8,81061,205076,210999,89515,45840,43675,251242,125085,126157,75318,34151,41167,8773,3082,5691,54,5654852101,13033,422
Clatsop,OR,39764,44.7,4.1,53806,19655,20109,7594,3814,3780,23252,11612,11640,8918,4229,4689,768,260,508,4,2150453175,1205,0
Columbia,OR,52377,75.1,5.1,63338,26190,26187,11067,5644,5423,31501,15873,15628,9809,4673,5136,940,333,607,0,1834997126,808,0
Coos,OR,64389,39.5,5.4,48352,31756,32633,11850,6019,5831,35913,17783,18130,16626,7954,8672,1743,784,959,12,1608899717,1016,0
Crook,OR,23867,7,6,51348,11858,12009,4716,2390,2326,13207,6507,6700,5944,2961,2983,553,238,315,0,1,100,0
Curry,OR,22813,13.7,6.1,48788,11227,11586,3304,1718,1586,11709,5739,5970,7800,3770,4030,778,343,435,0,751597343,235,0
Deschutes,OR,191996,52.3,4.2,67372,95002,96994,38645,19848,18797,114943,56859,58084,38408,18295,20113,3638,1400,2238,36,2910886945,5011,0
Douglas,OR,110283,21.4,5.4,47020,54364,55919,21335,10920,10415,60574,29928,30646,28374,13516,14858,3433,1364,2069,32,1913587446,1351,0
Gilliam,OR,1894,1.6,3.9,54325,968,926,368,194,174,999,529,470,527,245,282,89,31,58,0,0,,
Grant,OR,7176,1.6,7.3,46141,3587,3589,1271,656,615,3725,1831,1894,2180,1100,1080,281,130,151,0,396974,73,0
Harney,OR,7329,0.7,6.2,43370,3738,3591,1502,818,684,4034,2029,2005,1793,891,902,199,77,122,2,442914514,34,0
Hood River,OR,23428,42.8,3.3,66607,11711,11717,5629,2849,2780,14133,7138,6995,3666,1724,1942,498,154,344,0,2696259297,516,0
Jackson,OR,219564,73,4.8,55511,107102,112462,45245,23113,22132,126083,61897,64186,48236,22092,26144,5714,2175,3539,50,370672745,3085,0
Jefferson,OR,24192,12.2,5.5,50376,12478,11714,5680,2902,2778,13798,7267,6531,4714,2309,2405,355,152,203,0,1074451654,759,0
Josephine,OR,87393,50.4,5.5,46578,42681,44712,17118,8823,8295,47566,23387,24179,22709,10471,12238,2642,1029,1613,12,2387330517,1319,51
Klamath,OR,67653,11.2,6.4,45374,33817,33836,14706,7541,7165,38607,19346,19261,14340,6930,7410,1415,540,875,0,3847696442,2084,0
Lake,OR,7879,1,5.7,44847,4201,3678,1513,770,743,4379,2381,1998,1987,1050,937,213,91,122,0,0,10,0
Lane,OR,379611,77.2,4.5,53161,186873,192738,69868,35882,33986,236351,117368,118983,73392,33623,39769,8343,3141,5202,67,5403867812,3218,115
Lincoln,OR,49388,47,4.9,49265,23815,25573,8358,4285,4073,26988,12987,14001,14042,6543,7499,1257,486,771,0,2366095519,371,0
Linn,OR,127335,50.9,4.7,54292,62960,64375,28679,14758,13921,74985,37173,37812,23671,11029,12642,2537,994,1543,11,2256573833,5409,404
Malheur,OR,30725,3.2,4.6,42624,16677,14048,8004,4055,3949,17665,10219,7446,5056,2403,2653,677,270,407,8,1551166631,752,0
Marion,OR,346868,266.7,4.3,56408,172899,173969,85432,43921,41511,207087,104810,102277,54349,24168,30181,6561,2370,4191,68,5932820304,34172,1057
Morrow,OR,11372,5.5,4.3,55343,5842,5530,3134,1652,1482,6357,3254,3103,1881,936,945,172,92,80,0,176522495,485,0
Multnomah,OR,811880,1704.9,3.7,70756,402182,409698,152901,78357,74544,549899,275516,274383,109080,48309,60771,12489,4163,8326,165,8698163632,43051,2376
Polk,OR,85234,101.8,4.4,62389,41658,43576,19424,9901,9523,50535,24688,25847,15275,7069,8206,1784,723,1061,0,1779620247,3621,259
Sherman,OR,1708,2.1,4.1,58838,880,828,307,154,153,948,492,456,453,234,219,66,39,27,0,0,57,0
Tillamook,OR,26787,22.9,4.4,52486,13561,13226,5062,2656,2406,14816,7567,7249,6909,3338,3571,641,259,382,4,2490791567,340,0
Umatilla,OR,77516,23.6,4.9,53917,40461,37055,19551,9898,9653,45845,24817,21028,12120,5746,6374,1443,549,894,3,1480918585,3570,64
Union,OR,26461,12.6,5.4,50616,13158,13303,5955,3104,2851,15168,7515,7653,5338,2539,2799,707,258,449,4,2361204674,275,0
Wallowa,OR,7081,2.2,6.1,48137,3498,3583,1319,687,632,3696,1769,1927,2066,1042,1024,249,102,147,0,763669374,73,0
Wasco,OR,26505,10.6,4.3,52269,13322,13183,5871,3091,2780,15176,7632,7544,5458,2599,2859,695,235,460,17,444375208,835,36
Washington,OR,597695,731.4,3.5,82819,295687,302008,136614,69829,66785,380813,191053,189760,80268,34805,45463,9717,3365,6352,85,6975247997,31623,700
Wheeler,OR,1366,0.8,3.5,39579,677,689,211,104,107,680,348,332,475,225,250,59,21,38,0,93596059,,
Yamhill,OR,107002,138.6,3.8,61776,53571,53431,23716,12144,11572,64949,33104,31845,18337,8323,10014,2329,863,1466,11,2414946081,2754,383
Adams,PA,102811,195.5,3.3,62877,50589,52222,20554,10449,10105,61303,30582,30721,20954,9558,11396,2681,977,1704,8,1262357725,7973,209
Allegheny,PA,1218452,1675.6,4,59881,588896,629556,227749,116308,111441,760326,375217,385109,230377,97371,133006,36013,11829,24184,580,5973623202,78843,5438
Armstrong,PA,65263,105.5,5,49436,32502,32761,12510,6387,6123,38415,19608,18807,14338,6507,7831,1945,699,1246,12,211060444,2675,138
Beaver,PA,164742,392.3,4.5,54823,80005,84737,31988,16272,15716,97342,48420,48922,35412,15313,20099,5154,1700,3454,20,2717104333,22693,3077
Bedford,PA,48176,49.2,4.5,50257,24000,24176,9366,4811,4555,27792,14132,13660,11018,5057,5961,1507,558,949,4,0,1323,64
Berks,PA,420152,480.4,4.2,62519,206740,213412,93834,47865,45969,253966,126602,127364,72352,32273,40079,10627,3692,6935,71,3963505195,151718,8189
Blair,PA,122492,241.7,4.2,49244,59979,62513,25017,12978,12039,72030,36013,36017,25445,10988,14457,3666,1145,2521,50,405477529,1519,14
Bradford,PA,60833,54.6,4.4,50978,30157,30676,13362,6796,6566,34516,17259,17257,12955,6102,6853,1597,637,960,42,919066259,1883,183
Bucks,PA,628195,1034.7,3.7,88538,308395,319800,128216,65666,62550,382919,190419,192500,117060,52310,64750,16455,5757,10698,90,3297928449,182101,14463
Butler,PA,187888,233.1,3.9,67161,93117,94771,37514,19308,18206,115033,57967,57066,35341,15842,19499,4954,1645,3309,35,1452723657,10676,408
Cambria,PA,131730,208.7,5.2,45163,64770,66960,25309,12949,12360,76685,38771,37914,29736,13050,16686,4510,1434,3076,30,2646461298,1929,96
Cameron,PA,4492,12.8,5,41770,2246,2246,782,413,369,2487,1256,1231,1223,577,646,186,59,127,0,0,92,0
Carbon,PA,64227,171.1,5.1,53901,32037,32190,12375,6271,6104,38227,19454,18773,13625,6312,7313,1637,548,1089,13,20522161,9886,781
Centre,PA,162805,138.7,3.2,58258,85643,77162,24461,12555,11906,115149,62512,52637,23195,10576,12619,3088,1141,1947,0,5508841621,6110,157
Chester,PA,522046,664.7,3.2,99224,257214,264832,118139,60138,58001,318572,158820,159752,85335,38256,47079,11338,4092,7246,93,3920971983,88151,7592
Clarion,PA,38779,66.6,4.7,46284,18984,19795,7233,3691,3542,23943,11826,12117,7603,3467,4136,964,358,606,7,0,1213,58
Clearfield,PA,79388,71.3,5,46706,41694,37694,14453,7471,6982,48644,26860,21784,16291,7363,8928,2256,752,1504,27,924170383,1217,0
Clinton,PA,38684,44.2,5.3,50999,19036,19648,7814,3971,3843,23638,11770,11868,7232,3295,3937,931,350,581,10,0,1679,15
Columbia,PA,65456,139.3,4.8,50774,31534,33922,11582,5818,5764,41094,20113,20981,12780,5603,7177,1756,611,1145,22,150101,14621,955
Crawford,PA,85063,87.7,4.7,50805,41672,43391,17584,9060,8524,49976,24432,25544,17503,8180,9323,1941,718,1223,16,2162611441,1105,0
Cumberland,PA,251423,431.6,3.3,71695,124444,126979,50918,26063,24855,153960,77996,75964,46545,20385,26160,6560,2254,4306,45,1797043185,20476,1314
Dauphin,PA,277097,510.6,4,57979,134218,142879,62355,31677,30678,167740,82195,85545,47002,20346,26656,6159,2039,4120,142,3745877361,38232,1702
Delaware,PA,564751,3040.5,4,71961,271816,292935,123908,63416,60492,348236,169159,179077,92607,39241,53366,14639,4810,9829,100,7582812549,230913,15975
Elk,PA,30169,38.6,3.9,54876,15145,15024,5870,3017,2853,17659,9104,8555,6640,3024,3616,946,312,634,0,0,220,11
Erie,PA,272061,351.1,4.7,48453,134373,137688,58156,29881,28275,165005,82725,82280,48900,21767,27133,6938,2346,4592,88,3894246873,6396,124
Fayette,PA,130441,172.8,5.8,50381,64616,65825,25011,12718,12293,77827,39673,38154,27603,12225,15378,3751,1203,2548,15,1977682847,4477,201
Forest,PA,7279,18.1,6.2,41750,4985,2294,777,482,295,4857,3653,1204,1645,850,795,142,79,63,0,0,378,0
Franklin,PA,154835,193.7,3.7,60744,76005,78830,34405,17601,16804,90005,44870,45135,30425,13534,16891,4206,1471,2735,24,5214968,21287,717
Fulton,PA,14523,33.9,3.9,52277,7355,7168,2914,1499,1415,8479,4373,4106,3130,1483,1647,304,137,167,0,0,384,15
Greene,PA,36506,67.2,4.9,50956,18903,17603,7075,3626,3449,22535,12091,10444,6896,3186,3710,843,286,557,0,1541656,1503,15
Huntingdon,PA,45168,52.5,5.3,49019,24007,21161,8139,4099,4040,27663,15519,12144,9366,4389,4977,1161,422,739,7,582799895,5782,17
Indiana,PA,84501,107.5,4.9,47999,42325,42176,15312,7941,7371,52709,26880,25829,16480,7504,8976,2152,663,1489,12,3809433765,3741,207
Jefferson,PA,43641,69.3,4.6,46751,21732,21909,9181,4701,4480,25263,12837,12426,9197,4194,5003,1276,440,836,5,225238981,276,0
Juniata,PA,24704,63,4,54342,12385,12319,5534,2831,2703,14208,7216,6992,4962,2338,2624,666,242,424,0,0,4308,68
Lackawanna,PA,210793,467.1,4.6,52872,102330,108463,43243,22350,20893,125489,61878,63611,42061,18102,23959,6408,1886,4522,51,3825044026,55542,5092
Lancaster,PA,543557,550.4,3.4,66270,266316,277241,127967,65566,62401,318030,157269,160761,97560,43481,54079,15352,5628,9724,64,365057442,106420,9960
Lawrence,PA,86184,254.4,5.1,48418,41712,44472,17086,8604,8482,50147,24930,25217,18951,8178,10773,2921,973,1948,18,417717384,3683,358
Lebanon,PA,141314,369.1,3.8,61087,69449,71865,32143,16481,15662,81774,40772,41002,27397,12196,15201,4056,1411,2645,18,2395482082,37375,754
Lehigh,PA,368100,1012.5,4.6,62139,180188,187912,83207,43042,40165,223386,110310,113076,61507,26836,34671,9033,3012,6021,143,4827855054,160611,5700
Luzerne,PA,317646,360.4,5.4,53469,157145,160501,62610,31879,30731,191852,98009,93843,63184,27257,35927,9656,2920,6736,71,3053378742,121625,4845
Lycoming,PA,113664,94.5,4.8,53820,55665,57999,23267,11779,11488,68462,34182,34280,21935,9704,12231,3175,1078,2097,32,2385713119,5114,281
McKean,PA,40968,44.4,4.8,46529,21054,19914,8071,4256,3815,24937,13199,11738,7960,3599,4361,1125,399,726,5,0,383,25
Mercer,PA,110683,173.4,4.7,48788,54732,55951,21463,11129,10334,65229,33072,32157,23991,10531,13460,3742,1245,2497,45,1313989581,4061,100
Mifflin,PA,46222,113.6,4.7,47648,22636,23586,10256,5207,5049,25932,12993,12939,10034,4436,5598,1380,449,931,10,339168687,2142,14
Monroe,PA,169507,279.2,5.4,63318,83972,85535,33306,17058,16248,107020,53209,53811,29181,13705,15476,2943,1086,1857,44,1944336655,64536,3353
Montgomery,PA,828604,1655.9,3.4,90155,403268,425336,178218,90949,87269,503262,248876,254386,147124,63443,83681,23328,7891,15437,215,5008125265,256697,21358
Montour,PA,18240,140.3,3.5,61314,8814,9426,3725,1972,1753,10677,5284,5393,3838,1558,2280,649,172,477,42,0,2740,3
Northampton,PA,304807,805.4,4.4,68217,149954,154853,60926,31380,29546,185926,93179,92747,57955,25395,32560,9127,3066,6061,64,4413789821,119879,6224
Northumberland,PA,91083,206.2,5.2,47243,45782,45301,17800,9177,8623,53825,28026,25799,19458,8579,10879,2824,919,1905,6,4295949,5939,37
Perry,PA,46139,83.4,3.7,62366,23328,22811,9874,5207,4667,27734,14071,13663,8531,4050,4481,838,264,574,0,0,1785,65
Philadelphia,PA,1584138,11379.5,5.5,46149,749572,834566,343970,175049,168921,1023892,487767,536125,216276,86756,129520,30056,9347,20709,528,9,840156,39563
Pike,PA,55933,105.3,5.4,62657,28368,27565,10041,5236,4805,33151,16948,16203,12741,6184,6557,1258,522,736,0,634568962,21394,809
Potter,PA,16622,16.1,5.3,44883,8285,8337,3387,1715,1672,9235,4692,4543,4000,1878,2122,524,167,357,4,0,247,0
Schuylkill,PA,142067,190.4,5.2,48809,72796,69271,28005,14489,13516,85056,45388,39668,29006,12919,16087,4143,1311,2832,16,1977934411,22205,678
Snyder,PA,40540,120.8,3.9,56991,20092,20448,8501,4447,4054,24345,12190,12155,7694,3455,4239,1035,345,690,0,0,1720,65
Somerset,PA,73952,72.4,5.1,50504,38648,35304,13224,6706,6518,44193,24376,19817,16535,7566,8969,2442,855,1587,14,390155136,1493,19
Sullivan,PA,6071,14.3,5,48998,3176,2895,645,348,297,3708,1996,1712,1718,832,886,205,69,136,0,1237229968,78,0
Susquehanna,PA,40589,52.7,4,52573,20465,20124,7498,3820,3678,23487,12094,11393,9604,4551,5053,1106,386,720,4,468363887,4088,479
Tioga,PA,40763,37,5.2,48799,20229,20534,8140,4238,3902,23640,11669,11971,8983,4322,4661,1090,460,630,6,1506392361,844,92
Union,PA,44785,142.2,3.7,55679,24342,20443,8127,4188,3939,28568,16563,12005,8090,3591,4499,1293,422,871,12,0,2096,27
Venango,PA,51266,81.5,4.9,45761,25342,25924,9962,5152,4810,29809,14985,14824,11495,5205,6290,1563,512,1051,8,1656397329,407,0
Warren,PA,39498,47.3,4.5,50554,19770,19728,7637,3904,3733,22813,11644,11169,9048,4222,4826,1205,465,740,6,1957094022,100,29
Washington,PA,207346,242.5,4.3,63119,101855,105491,40332,20610,19722,124397,62287,62110,42617,18958,23659,5763,1895,3868,50,1391720728,6431,155
Wayne,PA,51276,72.8,4.7,53602,27158,24118,8520,4430,4090,30369,16757,13612,12387,5971,6416,1293,481,812,8,662544706,5559,242
Westmoreland,PA,350611,355.4,4.4,58398,171509,179102,64117,32773,31344,206842,103670,103172,79652,35066,44586,11250,3773,7477,51,2241339449,20889,1524
Wyoming,PA,27046,71.2,4.5,57599,13571,13475,5226,2726,2500,16092,8121,7971,5728,2724,3004,598,202,396,6,0,1279,159
York,PA,448273,481.1,3.9,65238,221618,226655,99020,51032,47988,271037,135364,135673,78216,35222,42994,9913,3438,6475,60,2727109468,37730,730
Bristol,RI,48649,2064,3.5,80231,23502,25147,9118,4616,4502,29935,14630,15305,9596,4256,5340,1600,591,1009,0,,7534,71
Kent,RI,163861,985.9,3.7,69089,79191,84670,30623,15664,14959,102276,50292,51984,30962,13235,17727,4484,1442,3042,15,3974801332,35696,1300
Newport,RI,82542,809.6,3.5,77760,40769,41773,13954,7146,6808,50273,25345,24928,18315,8278,10037,2663,921,1742,10,4788138613,8835,116
Providence,RI,636084,1530.3,4.4,56141,309744,326340,130676,66965,63711,408191,201346,206845,97217,41433,55784,15605,4803,10802,237,5766009808,358188,11533
Washington,RI,126179,385.7,3.6,86715,61126,65053,20842,10613,10229,79173,38664,40509,26164,11849,14315,3500,1180,2320,17,2434157131,18280,1035
Abbeville,SC,24541,51.8,4,42412,11868,12673,4924,2497,2427,14274,6965,7309,5343,2406,2937,591,208,383,6,0,1542,0
Aiken,SC,169401,149.5,3.3,52633,81847,87554,36849,18786,18063,99651,48313,51338,32901,14748,18153,3502,1190,2312,35,70718075,6331,300
Allendale,SC,8903,25.5,5.8,29124,4691,4212,1680,860,820,5433,3047,2386,1790,784,1006,187,63,124,0,0,1007,90
Anderson,SC,200482,261.6,3.3,51740,96527,103955,45852,23240,22612,118445,57331,61114,36185,15956,20229,3782,1248,2534,40,1144009383,9844,397
Bamberg,SC,14275,40.6,6.5,36230,6866,7409,2724,1399,1325,8454,4151,4303,3097,1316,1781,419,127,292,0,821918824,732,0
Barnwell,SC,21112,41.2,4.8,38131,10069,11043,5036,2546,2490,12203,5829,6374,3873,1694,2179,443,153,290,0,0,1348,17
Beaufort,SC,188715,281.5,3.2,65843,92476,96239,35023,17798,17225,102250,50600,51650,51442,24078,27364,4844,2157,2687,24,0,15951,577
Berkeley,SC,221091,161.8,3,62204,109817,111274,52749,26829,25920,137932,69139,68793,30410,13849,16561,2319,891,1428,0,360038451,9599,546
Calhoun,SC,14520,39.8,4.2,45385,6943,7577,2734,1422,1312,8408,4046,4362,3378,1475,1903,351,111,240,0,0,458,62
Charleston,SC,405905,382.3,2.8,62958,196403,209502,79933,40728,39205,259351,126338,133013,66621,29337,37284,7173,2522,4651,221,2670129021,27460,420
Cherokee,SC,57078,140.9,3.6,42542,27789,29289,13140,6738,6402,34340,16792,17548,9598,4259,5339,1010,320,690,12,0,1042,30
Chester,SC,32251,57.1,4.8,42116,15529,16722,7244,3706,3538,18952,9167,9785,6055,2656,3399,680,219,461,6,0,1991,1
Chesterfield,SC,45754,58.5,3.3,39046,22259,23495,10032,5040,4992,27327,13512,13815,8395,3707,4688,774,272,502,6,0,4081,52
Clarendon,SC,33700,57.6,4.7,36722,16548,17152,6479,3284,3195,19307,9674,9633,7914,3590,4324,693,274,419,6,0,11760,1165
Colleton,SC,37660,36.8,4,39079,18131,19529,8390,4290,4100,21675,10374,11301,7595,3467,4128,720,273,447,8,0,2238,225
Darlington,SC,66802,122.4,4.1,37206,31517,35285,14817,7528,7289,39307,18555,20752,12678,5434,7244,1285,388,897,12,678897711,8224,162
Dillon,SC,30599,79.2,4.8,33159,14515,16084,7743,4038,3705,17756,8329,9427,5100,2148,2952,571,160,411,6,938886322,4121,39
Dorchester,SC,160647,238.2,3,65468,78076,82571,39214,19903,19311,98799,48106,50693,22634,10067,12567,2044,709,1335,0,196017506,5948,122
Edgefield,SC,27052,53.9,3.5,48818,14524,12528,4894,2469,2425,17084,9709,7375,5074,2346,2728,545,170,375,0,0,1715,72
Fairfield,SC,22402,34.9,6.2,39522,10703,11699,4299,2228,2071,13233,6257,6976,4870,2218,2652,445,142,303,0,0,4271,240
Florence,SC,138159,171.1,3.7,47949,64459,73700,32590,16360,16230,82098,38245,43853,23471,9854,13617,2359,730,1629,98,180929529,19329,1058
Georgetown,SC,62249,73.9,4.5,46058,29460,32789,11438,5898,5540,33521,15687,17834,17290,7875,9415,1420,530,890,10,606469135,2677,138
Greenville,SC,514213,574.7,2.9,61162,249364,264849,118364,60209,58155,314713,153510,161203,81136,35645,45491,8757,3076,5681,137,1744395994,46331,1810
Greenwood,SC,70741,153.2,3.6,43879,32949,37792,15969,8031,7938,41677,19274,22403,13095,5644,7451,1825,630,1195,30,0,3211,18
Hampton,SC,19351,37.7,3.5,35871,9900,9451,4116,2106,2010,11672,6190,5482,3563,1604,1959,374,135,239,6,88333945,1314,5
Horry,SC,344147,237.5,4.2,49082,165810,178337,61715,31292,30423,200001,95681,104320,82431,38837,43594,6028,2319,3709,100,902688942,14156,901
Jasper,SC,28971,37.8,3,43125,14620,14351,5889,2992,2897,17472,9064,8408,5610,2564,3046,462,160,302,4,0,1314,53
Kershaw,SC,65592,84.9,3.5,52270,31622,33970,15167,7817,7350,38397,18516,19881,12028,5289,6739,1220,386,834,10,163297415,15009,579
Lancaster,SC,95380,139.6,3.8,58035,46267,49113,20786,10467,10319,54535,26873,27662,20059,8927,11132,1753,678,1075,20,0,5557,192
Laurens,SC,66994,93.2,3.6,42099,32381,34613,14592,7499,7093,39992,19343,20649,12410,5539,6871,1504,478,1026,8,0,2157,105
Lee,SC,17142,46.9,4.6,33199,8813,8329,3453,1790,1663,10542,5669,4873,3147,1354,1793,293,94,199,0,0,5505,452
Lexington,SC,295032,375.4,2.9,60627,143554,151478,68294,34737,33557,180157,88141,92016,46581,20676,25905,4806,1645,3161,55,1125599442,22823,1035
McCormick,SC,9410,28.5,3.6,44683,5053,4357,1116,562,554,5007,2894,2113,3287,1597,1690,201,107,94,0,0,346,55
Marion,SC,31039,67.6,5.5,34365,14230,16809,7082,3578,3504,17795,8149,9646,6162,2503,3659,586,154,432,10,775971592,2055,145
Marlboro,SC,26398,60.3,5.1,33534,13778,12620,5257,2688,2569,16380,9037,7343,4761,2053,2708,444,130,314,0,0,3252,10
Newberry,SC,38520,59.5,3.1,48029,18793,19727,8404,4228,4176,22564,11241,11323,7552,3324,4228,867,253,614,7,0,1653,54
Oconee,SC,78374,118.6,3.3,50529,38557,39817,15615,7913,7702,44563,22181,22382,18196,8463,9733,1632,578,1054,12,144784249,1694,0
Orangeburg,SC,86934,83.6,5.8,37134,40548,46386,19044,9569,9475,50776,23666,27110,17114,7313,9801,1889,626,1263,20,0,5080,73
Pickens,SC,124937,240.2,3.4,48794,62214,62723,23712,12100,11612,80565,40828,39737,20660,9286,11374,2339,862,1477,15,1403762406,3975,68
Richland,SC,414576,507.9,3.4,52611,200319,214257,88630,44831,43799,273156,133040,140116,52790,22448,30342,5446,1790,3656,211,4650914195,55148,2169
Saluda,SC,20544,43.9,3.1,46019,10416,10128,4450,2321,2129,12034,6245,5789,4060,1850,2210,486,155,331,0,0,3765,3
Spartanburg,SC,313888,351.9,3.1,53567,152188,161700,72501,36881,35620,190575,93076,97499,50812,22231,28581,5062,1667,3395,39,1585142574,18088,582
Sumter,SC,106512,161.6,4,45181,51216,55296,25354,12770,12584,63642,31100,32542,17516,7346,10170,1959,643,1316,17,1414571519,14551,630
Union,SC,27410,56.3,4.1,40686,12987,14423,5816,2971,2845,16040,7661,8379,5554,2355,3199,625,181,444,6,0,1555,0
Williamsburg,SC,30606,36.8,5.4,32814,14492,16114,6340,3145,3195,17825,8594,9231,6441,2753,3688,692,187,505,4,875757032,5890,257
York,SC,274118,332.2,3.3,64904,132238,141880,66495,33774,32721,168387,81118,87269,39236,17346,21890,3568,1197,2371,24,139005791,13472,238
Aurora,SD,2801,3.8,2.9,53107,1490,1311,695,392,303,1529,821,708,577,277,300,89,36,53,0,0,310,0
Beadle,SD,18883,13.8,2.6,49712,9619,9264,5208,2721,2487,10466,5420,5046,3209,1478,1731,552,168,384,6,0,3119,120
Bennett,SD,3468,2.9,4.5,37071,1695,1773,1175,586,589,1860,908,952,433,201,232,51,29,22,0,0,,
Bon Homme,SD,6980,12.5,2.5,50278,4131,2849,1418,735,683,4140,2738,1402,1422,658,764,303,105,198,0,0,278,0
Brookings,SD,35232,40.3,2.8,62109,18287,16945,7223,3775,3448,23814,12574,11240,4195,1938,2257,578,200,378,0,0,683,0
Brown,SD,39316,21.3,2.8,60082,19322,19994,9416,4710,4706,23153,11701,11452,6747,2911,3836,1143,368,775,10,0,5892,5
Brule,SD,5229,6.4,2.7,49732,2612,2617,1365,706,659,2872,1446,1426,992,460,532,178,60,118,0,0,,
Buffalo,SD,2036,4.1,5.9,25973,1012,1024,802,404,398,1074,542,532,160,66,94,13,5,8,0,0,142,0
Butte,SD,10222,4.5,3.3,44388,5176,5046,2476,1293,1183,5698,2877,2821,2048,1006,1042,235,87,148,0,0,,
Campbell,SD,1377,2,3.9,45737,716,661,219,113,106,768,411,357,390,192,198,68,28,40,0,0,,
Charles Mix,SD,9338,8.3,3.2,47412,4667,4671,2775,1440,1335,4848,2429,2419,1715,798,917,296,108,188,0,0,400,0
Clark,SD,3739,3.9,4,48517,1925,1814,966,492,474,1982,1075,907,791,358,433,115,27,88,0,0,126,0
Clay,SD,14041,33.6,2.9,46378,7027,7014,2456,1277,1179,9868,4936,4932,1717,814,903,220,57,163,0,0,520,0
Codington,SD,28015,39.5,3,55580,14081,13934,6724,3432,3292,16342,8386,7956,4949,2263,2686,790,297,493,8,0,1036,0
Corson,SD,4165,1.6,4.1,34024,2089,2076,1538,751,787,2156,1113,1043,471,225,246,44,17,27,0,0,104,0
Custer,SD,8726,5.3,4,58806,4337,4389,1343,702,641,4762,2304,2458,2621,1331,1290,231,82,149,0,0,,
Davison,SD,19790,44.8,2.6,51724,9894,9896,4539,2331,2208,11527,5958,5569,3724,1605,2119,725,207,518,8,0,433,85
Day,SD,5505,5.6,4.2,48023,2807,2698,1241,629,612,2864,1507,1357,1400,671,729,243,80,163,0,0,327,0
Deuel,SD,4337,7,4.4,55404,2243,2094,1032,567,465,2356,1240,1116,949,436,513,143,60,83,0,0,65,0
Dewey,SD,5904,2.3,8.8,41942,2927,2977,2237,1154,1083,3108,1521,1587,559,252,307,53,21,32,0,0,,
Douglas,SD,2935,7,2.7,55159,1452,1483,755,361,394,1473,756,717,707,335,372,148,43,105,0,0,51,0
Edmunds,SD,3875,3.6,2.7,58977,1939,1936,926,460,466,2115,1094,1021,834,385,449,154,55,99,0,0,3,0
Fall River,SD,6758,4.1,3.9,46782,3417,3341,1155,594,561,3643,1845,1798,1960,978,982,220,81,139,0,0,118,0
Faulk,SD,2330,2.4,3,49068,1156,1174,590,289,301,1196,602,594,544,265,279,117,52,65,0,0,66,0
Grant,SD,7147,10.8,3.2,59813,3756,3391,1609,884,725,4049,2178,1871,1489,694,795,224,84,140,0,0,199,0
Gregory,SD,4212,4.2,3.3,40583,2167,2045,992,548,444,2148,1119,1029,1072,500,572,197,67,130,0,0,1,0
Haakon,SD,1918,1.1,2.6,51801,954,964,449,216,233,1001,528,473,468,210,258,71,15,56,0,0,,
Hamlin,SD,6111,11.6,3.1,65776,3138,2973,1924,989,935,3234,1705,1529,953,444,509,161,45,116,0,0,134,0
Hand,SD,3262,2.4,2.3,52568,1627,1635,715,362,353,1721,895,826,826,370,456,197,76,121,0,0,40,0
Hanson,SD,3376,7.7,4.6,63772,1690,1686,1032,515,517,1823,914,909,521,261,260,30,11,19,0,0,,
Harding,SD,1249,0.5,2.5,55017,657,592,290,148,142,737,396,341,222,113,109,34,14,20,0,0,,
Hughes,SD,17650,23,2.6,70093,8680,8970,4251,2171,2080,10342,5043,5299,3057,1466,1591,443,165,278,6,0,651,0
Hutchinson,SD,7380,9,2.8,54434,3605,3775,1880,892,988,3803,1974,1829,1697,739,958,374,130,244,0,0,174,0
Hyde,SD,1282,1.7,3.1,52496,666,616,265,145,120,693,355,338,324,166,158,63,17,46,0,0,49,0
Jackson,SD,3307,1.6,4.9,34122,1662,1645,1105,562,543,1760,883,877,442,217,225,59,25,34,0,0,20,0
Jerauld,SD,2043,3.9,2.5,47689,1032,1011,480,252,228,1013,540,473,550,240,310,102,24,78,0,0,512,38
Jones,SD,928,1,2.7,49609,458,470,206,109,97,506,241,265,216,108,108,33,13,20,0,0,,
Kingsbury,SD,4919,6.2,2.9,54609,2524,2395,1127,587,540,2653,1385,1268,1139,552,587,193,69,124,0,0,3,0
Lake,SD,13057,19.9,3.4,60733,6810,6247,2627,1379,1248,7559,3934,3625,2871,1497,1374,277,95,182,0,0,237,0
Lawrence,SD,25741,30.1,2.9,51774,12867,12874,4600,2403,2197,15524,7765,7759,5617,2699,2918,703,235,468,5,0,570,0
Lincoln,SD,58807,77.7,2.3,84889,29097,29710,16465,8529,7936,34774,17162,17612,7568,3406,4162,929,323,606,0,0,8374,0
Lyman,SD,3821,2.3,4.1,47429,1998,1823,1123,596,527,2093,1113,980,605,289,316,59,16,43,0,0,273,0
McCook,SD,5546,9.8,2.5,59913,2779,2767,1527,786,741,2966,1532,1434,1053,461,592,162,46,116,0,0,258,53
McPherson,SD,2407,2.2,3.8,39850,1192,1215,592,301,291,1139,579,560,676,312,364,140,47,93,0,0,37,0
Marshall,SD,5112,5.6,3.8,56862,2750,2362,1191,619,572,2888,1632,1256,1033,499,534,157,52,105,0,0,99,0
Meade,SD,28294,7.3,3.3,59524,14725,13569,6463,3277,3186,17515,9343,8172,4316,2105,2211,458,168,290,3,0,222,0
Mellette,SD,2042,1.6,4.9,32780,1059,983,627,333,294,1099,557,542,316,169,147,36,14,22,0,0,,
Miner,SD,2213,4.2,2.8,50123,1149,1064,524,282,242,1225,633,592,464,234,230,90,34,56,0,0,52,0
Minnehaha,SD,192876,210,2.6,60033,97356,95520,49051,25095,23956,118596,60930,57666,25229,11331,13898,3394,1123,2271,54,2769716497,119567,1171
Moody,SD,6579,12.5,3,57392,3272,3307,1714,851,863,3631,1840,1791,1234,581,653,173,71,102,0,0,492,0
Oglala Lakota,SD,14309,,10.3,31662,7010,7299,5324,2701,2623,7940,3896,4044,1045,413,632,78,21,57,0,0,311,0
Pennington,SD,111729,36.4,3.1,58738,56294,55435,25603,13263,12340,66039,33596,32443,20087,9435,10652,2491,895,1596,38,1996876751,2780,24
Perkins,SD,2922,1,2.9,55626,1465,1457,605,311,294,1582,794,788,735,360,375,152,45,107,0,0,,
Potter,SD,2207,2.7,3.5,54722,1094,1113,479,256,223,1090,553,537,638,285,353,112,35,77,0,0,,
Roberts,SD,10447,9.2,4.3,44709,5254,5193,2989,1526,1463,5425,2738,2687,2033,990,1043,297,110,187,0,0,754,0
Sanborn,SD,2429,4.1,2.9,54874,1266,1163,614,320,294,1338,710,628,477,236,241,71,25,46,0,0,246,0
Spink,SD,6495,4.3,3.5,50590,3251,3244,1493,765,728,3654,1873,1781,1348,613,735,245,76,169,0,0,201,0
Stanley,SD,3022,2.1,2.6,69991,1550,1472,731,370,361,1674,862,812,617,318,299,62,28,34,0,0,296,0
Sully,SD,1392,1.4,2.6,59457,732,660,292,145,147,752,404,348,348,183,165,53,20,33,0,0,50,0
Todd,SD,10283,6.9,6.2,31876,5004,5279,4318,2161,2157,5204,2514,2690,761,329,432,92,34,58,0,0,467,5
Tripp,SD,5478,3.5,2.6,45710,2761,2717,1264,654,610,2985,1569,1416,1229,538,691,234,71,163,0,0,71,0
Turner,SD,8424,13.5,2.7,62792,4241,4183,2054,1063,991,4624,2368,2256,1746,810,936,291,113,178,0,0,844,0
Union,SD,15619,31.3,3.2,80698,7874,7745,3779,1866,1913,9008,4652,4356,2832,1356,1476,364,133,231,0,50377991,2098,0
Walworth,SD,5587,7.7,4.9,48394,2775,2812,1324,657,667,2951,1515,1436,1312,603,709,220,77,143,4,0,240,0
Yankton,SD,22869,43.1,2.6,56535,11900,10969,4860,2461,2399,13698,7531,6167,4311,1908,2403,727,240,487,10,0,1836,0
Ziebach,SD,2742,1.4,5.1,32341,1369,1373,774,361,413,1705,882,823,263,126,137,34,20,14,0,0,26,0
Anderson,TN,76482,222.8,3.8,50672,37216,39266,16078,8189,7889,45048,22268,22780,15356,6759,8597,2155,729,1426,25,0,1619,54
Bedford,TN,49038,95.1,3.7,49860,24090,24948,12455,6315,6140,29186,14516,14670,7397,3259,4138,673,219,454,8,0,9556,147
Benton,TN,16184,41.8,4.9,38940,7926,8258,3242,1660,1582,9117,4481,4636,3825,1785,2040,400,131,269,0,0,354,39
Bledsoe,TN,14755,31.7,5.8,40195,8697,6058,2251,1252,999,9781,6096,3685,2723,1349,1374,258,113,145,0,0,23490,20
Blount,TN,131349,220.2,3.2,57939,63707,67642,26559,13467,13092,78215,38327,39888,26575,11913,14662,2878,1010,1868,16,0,3780,165
Bradley,TN,106727,301,3.6,50427,51892,54835,23242,11891,11351,65210,32061,33149,18275,7940,10335,1954,645,1309,27,0,3583,48
Campbell,TN,39583,84.8,4.8,39443,19454,20129,8149,4244,3905,23222,11507,11715,8212,3703,4509,805,289,516,10,0,877,47
Cannon,TN,14462,52,3.2,51859,7186,7276,3098,1565,1533,8713,4449,4264,2651,1172,1479,281,96,185,0,0,697,0
Carroll,TN,28020,47.6,4.9,42025,13713,14307,5986,3111,2875,16335,8132,8203,5699,2470,3229,666,232,434,6,0,1119,42
Carter,TN,56351,168.3,4.1,39202,27579,28772,10345,5225,5120,33642,16682,16960,12364,5672,6692,1412,536,876,8,255474798,719,47
Cheatham,TN,40439,129.3,2.7,63241,20093,20346,8958,4547,4411,25428,12743,12685,6053,2803,3250,485,168,317,0,177643445,3376,0
Chester,TN,17276,60,3.8,47508,8309,8967,3814,1946,1868,10496,5078,5418,2966,1285,1681,368,119,249,0,0,595,0
Claiborne,TN,31756,74.1,4.2,37987,15530,16226,6060,3096,2964,19362,9585,9777,6334,2849,3485,555,174,381,5,0,355,0
Clay,TN,7717,33.2,5,34238,3800,3917,1557,771,786,4283,2154,2129,1877,875,1002,190,70,120,0,0,290,0
Cocke,TN,35774,82.1,4.7,36192,17289,18485,7275,3704,3571,20963,10056,10907,7536,3529,4007,633,248,385,5,0,836,0
Coffee,TN,55700,123.1,3.4,49494,27208,28492,13346,6844,6502,32734,16161,16573,9620,4203,5417,1077,384,693,14,0,2284,0
Crockett,TN,14328,54.9,3.9,44431,6853,7475,3375,1676,1699,8261,4025,4236,2692,1152,1540,343,93,250,0,0,455,23
Cumberland,TN,59673,82.3,4.4,46527,29067,30606,10445,5327,5118,30921,15014,15907,18307,8726,9581,1712,733,979,12,0,4401,34
Davidson,TN,692587,1243.3,2.6,60799,334279,358308,144027,73067,70960,463765,225468,238297,84795,35744,49051,10052,3173,6879,614,1133318579,179369,1894
Decatur,TN,11706,35.2,4.8,42905,5748,5958,2463,1287,1176,6501,3263,3238,2742,1198,1544,345,111,234,0,0,221,0
DeKalb,TN,20138,61.5,4.4,47420,10061,10077,4351,2299,2052,12088,6100,5988,3699,1662,2037,345,116,229,4,0,1222,0
Dickson,TN,53446,101.4,3,56166,26248,27198,12341,6346,5995,32450,16038,16412,8655,3864,4791,863,291,572,6,7987975,4212,0
Dyer,TN,37320,74.8,4.6,44302,17994,19326,8927,4589,4338,21827,10562,11265,6566,2843,3723,694,220,474,10,72158474,2022,0
Fayette,TN,40507,54.5,3.7,59529,19937,20570,7695,3969,3726,24157,11892,12265,8655,4076,4579,773,300,473,0,0,3922,65
Fentress,TN,18217,36,4.2,36687,8890,9327,3828,1942,1886,10389,5118,5271,4000,1830,2170,306,101,205,0,0,325,0
Franklin,TN,41890,74,3.4,50201,20459,21431,8407,4232,4175,25095,12400,12695,8388,3827,4561,895,323,572,10,0,2015,59
Gibson,TN,49045,82.4,4.5,42720,23517,25528,11927,6115,5812,28255,13631,14624,8863,3771,5092,1208,393,815,3,0,2511,40
Giles,TN,29503,48.3,3.7,48024,14321,15182,6243,3104,3139,17357,8586,8771,5903,2631,3272,638,200,438,6,0,455,0
Grainger,TN,23145,80.7,4,41829,11660,11485,4704,2468,2236,13700,6936,6764,4741,2256,2485,341,120,221,0,0,308,0
Greene,TN,69087,110.6,4.6,44366,33987,35100,13358,7010,6348,40811,20255,20556,14918,6722,8196,1423,481,942,6,0,2373,109
Grundy,TN,13346,38,4.4,36317,6602,6744,2877,1531,1346,7673,3849,3824,2796,1222,1574,250,78,172,0,0,1593,48
Hamblen,TN,64569,388,3.8,44040,31520,33049,14901,7552,7349,37745,18830,18915,11923,5138,6785,1319,409,910,20,0,1035,92
Hamilton,TN,364286,620.3,3.4,57196,175888,188398,75645,38647,36998,224611,109464,115147,64030,27777,36253,8390,2716,5674,215,2192192315,17206,747
Hancock,TN,6549,30.7,5.1,30691,3231,3318,1362,698,664,3791,1888,1903,1396,645,751,126,39,87,0,0,13,0
Hardeman,TN,25220,40.8,5,37834,13778,11442,4939,2426,2513,15719,9260,6459,4562,2092,2470,469,161,308,0,0,4589,0
Hardin,TN,25776,45.1,4.4,37690,12572,13204,5299,2680,2619,14522,7156,7366,5955,2736,3219,655,168,487,0,0,391,24
Hawkins,TN,56530,116.7,4,42188,27743,28787,11240,5723,5517,33346,16550,16796,11944,5470,6474,1186,440,746,6,106918514,1653,110
Haywood,TN,17335,35.2,5.4,39574,8085,9250,3855,1923,1932,10181,4767,5414,3299,1395,1904,413,147,266,0,0,1216,61
Henderson,TN,27847,53.4,4.7,43491,13519,14328,6344,3257,3087,16373,8004,8369,5130,2258,2872,567,203,364,0,0,445,0
Henry,TN,32358,57.5,4.2,43159,15686,16672,6638,3345,3293,18194,8974,9220,7526,3367,4159,763,267,496,6,0,869,0
Hickman,TN,25063,40.3,3.2,44684,13172,11891,5204,2728,2476,15458,8447,7011,4401,1997,2404,410,132,278,0,0,1928,0
Houston,TN,8263,42.1,5.5,44688,4058,4205,1802,912,890,4765,2373,2392,1696,773,923,184,75,109,0,0,312,0
Humphreys,TN,18486,34.9,4.3,48056,9196,9290,3979,2093,1886,10807,5388,5419,3700,1715,1985,364,145,219,0,0,535,37
Jackson,TN,11758,37.7,4.7,37563,5848,5910,2115,1085,1030,7002,3499,3503,2641,1264,1377,239,88,151,0,0,526,0
Jefferson,TN,54012,187.6,3.8,49611,26586,27426,10618,5428,5190,32576,16220,16356,10818,4938,5880,985,341,644,6,0,1275,2
Johnson,TN,17778,61.1,3.5,35778,9573,8205,2976,1543,1433,10746,6146,4600,4056,1884,2172,410,147,263,0,0,422,0
Knox,TN,465289,850.5,2.9,55874,226006,239283,97591,49884,47707,294037,144225,149812,73661,31897,41764,8535,2810,5725,254,3904504905,14995,261
Lake,TN,7411,47.2,5.2,33709,4764,2647,1050,560,490,5195,3675,1520,1166,529,637,139,37,102,0,0,8785,0
Lauderdale,TN,25825,58.9,5.8,38849,13304,12521,5827,2981,2846,15921,8542,7379,4077,1781,2296,373,120,253,0,0,1597,14
Lawrence,TN,43734,67.8,4,43651,21488,22246,10932,5617,5315,25008,12380,12628,7794,3491,4303,866,264,602,6,0,1036,0
Lewis,TN,12086,43.1,4.4,40541,5893,6193,2602,1331,1271,6955,3432,3523,2529,1130,1399,308,103,205,0,0,145,0
Lincoln,TN,34117,58.5,3.1,51249,16753,17364,7540,3814,3726,19947,10038,9909,6630,2901,3729,679,233,446,7,0,857,0
Loudon,TN,53054,211.8,3.4,58186,26085,26969,10295,5383,4912,28733,14114,14619,14026,6588,7438,1375,515,860,5,0,3102,0
McMinn,TN,53285,121.5,4.1,46029,25975,27310,11306,5809,5497,31521,15447,16074,10458,4719,5739,1164,434,730,4,0,4241,282
McNairy,TN,25832,46.3,5.4,39859,12692,13140,5636,2929,2707,14826,7343,7483,5370,2420,2950,504,175,329,0,0,606,0
Macon,TN,24265,72.4,3.2,42265,11862,12403,5987,3054,2933,14464,7114,7350,3814,1694,2120,359,128,231,0,0,3334,155
Madison,TN,97605,176.4,3.8,46651,46226,51379,21872,11207,10665,59118,27787,31331,16615,7232,9383,1966,661,1305,76,2672051807,7042,61
Marion,TN,28575,56.7,4.7,50819,13960,14615,6013,3071,2942,16825,8299,8526,5737,2590,3147,551,198,353,0,0,1759,61
Marshall,TN,33683,81.5,3.4,51868,16495,17188,7899,4014,3885,20354,10033,10321,5430,2448,2982,555,178,377,0,0,1212,52
Maury,TN,94340,132,3.2,57337,45506,48834,22094,11093,11001,57232,27716,29516,15014,6697,8317,1501,474,1027,65,98939169,3042,29
Meigs,TN,12306,60.2,4.5,50565,6109,6197,2512,1233,1279,7182,3556,3626,2612,1320,1292,204,90,114,0,0,745,0
Monroe,TN,46357,70,3.7,45566,23088,23269,9768,5100,4668,26771,13488,13283,9818,4500,5318,868,306,562,0,0,1636,59
Montgomery,TN,205950,319.6,3.8,56102,102544,103406,54985,27953,27032,131960,66186,65774,19005,8405,10600,1739,652,1087,21,12,9345,122
Moore,TN,6411,49.2,3,58234,3203,3208,1214,642,572,3818,1911,1907,1379,650,729,165,63,102,0,,131,0
Morgan,TN,21579,42.1,4.5,40397,11809,9770,4141,2154,1987,13602,7852,5750,3836,1803,2033,366,135,231,0,0,534,0
Obion,TN,30267,58.4,4.9,42532,14647,15620,6560,3336,3224,17528,8601,8927,6179,2710,3469,690,200,490,7,0,845,60
Overton,TN,22068,50.9,3.8,42149,10939,11129,4663,2450,2213,12864,6415,6449,4541,2074,2467,410,147,263,6,0,681,0
Perry,TN,8064,19.1,4.3,41960,4069,3995,1784,899,885,4575,2365,2210,1705,805,900,206,74,132,0,0,591,0
Pickett,TN,5082,31.2,3.8,40182,2542,2540,901,470,431,2779,1390,1389,1402,682,720,129,48,81,0,0,45,0
Polk,TN,16898,38.7,4.2,41968,8325,8573,3306,1661,1645,10048,4991,5057,3544,1673,1871,342,112,230,0,0,545,0
Putnam,TN,78843,180.3,3.6,45512,39227,39616,16455,8438,8017,49254,24995,24259,13134,5794,7340,1496,540,956,38,0,11126,212
Rhea,TN,33044,100.9,5.6,44132,16401,16643,7497,3817,3680,19398,9743,9655,6149,2841,3308,613,236,377,3,0,2375,0
Roane,TN,53140,150.2,4.1,54440,25926,27214,9981,5120,4861,31051,15241,15810,12108,5565,6543,1440,512,928,6,0,522,0
Robertson,TN,71012,139.2,3.1,66006,35082,35930,16947,8600,8347,43545,21655,21890,10520,4827,5693,941,333,608,8,250859715,12034,16
Rutherford,TN,324890,424,2.7,64170,159916,164974,80100,40842,39258,210824,104059,106765,33966,15015,18951,3201,1102,2099,78,1397080344,34915,727
Scott,TN,22039,41.8,4.3,35685,10821,11218,5357,2701,2656,12978,6439,6539,3704,1681,2023,342,138,204,0,0,621,0
Sequatchie,TN,14876,53.1,4.3,49707,7363,7513,3101,1593,1508,8747,4353,4394,3028,1417,1611,291,101,190,0,0,362,0
Sevier,TN,97892,151.7,3.5,47202,47915,49977,20173,10500,9673,58378,28579,29799,19341,8836,10505,1676,622,1054,16,473265171,2918,72
Shelby,TN,935764,1215.5,4.2,47924,444522,491242,232721,117840,114881,575944,273873,302071,127099,52809,74290,14654,4514,10140,277,3348676552,162993,3425
Smith,TN,19942,61,3.1,50704,9921,10021,4523,2322,2201,12034,6062,5972,3385,1537,1848,291,85,206,2,0,1152,47
Stewart,TN,13561,29,5,46565,6773,6788,2836,1450,1386,7967,4030,3937,2758,1293,1465,269,110,159,0,0,374,0
Sullivan,TN,157668,379.4,3.7,46024,76687,80981,30362,15538,14824,92777,45797,46980,34529,15352,19177,4019,1400,2619,103,1566920098,2958,80
Sumner,TN,187149,303.4,2.8,66171,91378,95771,43922,22461,21461,113563,55725,57838,29664,13192,16472,3052,1056,1996,38,82993824,37784,2011
Tipton,TN,61581,133.3,4.2,60874,30396,31185,15162,7773,7389,37515,18581,18934,8904,4042,4862,825,311,514,7,0,12031,62
Trousdale,TN,11012,68.9,3.3,49280,6521,4491,1939,1007,932,7647,4845,2802,1426,669,757,132,45,87,0,,43130,125
Unicoi,TN,17761,98.4,4.9,43688,8724,9037,3310,1697,1613,10328,5149,5179,4123,1878,2245,487,155,332,0,0,124,0
Union,TN,19688,85.5,4.1,40322,9700,9988,4273,2137,2136,11812,5877,5935,3603,1686,1917,329,103,226,0,0,190,0
Van Buren,TN,5765,20.3,4.7,38265,2886,2879,1110,568,542,3290,1667,1623,1365,651,714,112,45,67,0,0,117,0
Warren,TN,40878,92.1,3.9,42475,20227,20651,9582,4871,4711,24066,12171,11895,7230,3185,4045,774,263,511,8,0,578,0
Washington,TN,128607,376.7,3.5,49242,62829,65778,24487,12427,12060,80556,39685,40871,23564,10717,12847,2586,925,1661,76,2714480685,3344,0
Wayne,TN,16558,23.2,4.9,38879,9144,7414,2811,1469,1342,10519,6217,4302,3228,1458,1770,392,127,265,0,0,1190,0
Weakley,TN,33415,60.3,4.2,42351,16382,17033,6442,3341,3101,20745,10299,10446,6228,2742,3486,808,270,538,6,0,1023,0
White,TN,27107,68.6,3.7,42603,13262,13845,5931,3036,2895,15682,7750,7932,5494,2476,3018,656,232,424,4,0,735,0
Williamson,TN,231729,314.4,2.5,115930,113699,118030,63088,32079,31009,138161,67637,70524,30480,13983,16497,3341,1251,2090,28,757278481,25438,455
Wilson,TN,140625,199.7,2.8,76507,69171,71454,33332,17221,16111,85228,41927,43301,22065,10023,12042,1883,655,1228,12,559318111,14989,258
Anderson,TX,58057,55,3.1,45969,35546,22511,11105,5785,5320,38361,25745,12616,8591,4016,4575,886,338,548,10,0,1871,0
Andrews,TX,18128,9.9,2.4,84946,9274,8854,5569,2865,2704,10681,5565,5116,1878,844,1034,237,97,140,0,0,1106,0
Angelina,TX,87092,108.8,4.4,46653,42488,44604,22280,11277,11003,50594,24875,25719,14218,6336,7882,1729,666,1063,29,1495614617,4832,42
Aransas,TX,23792,91.9,5.7,46912,11751,12041,4172,2141,2031,12571,6220,6351,7049,3390,3659,702,322,380,0,0,151,0
Archer,TX,8786,10,3.1,61190,4326,4460,1887,945,942,5141,2563,2578,1758,818,940,211,94,117,0,0,17,0
Armstrong,TX,1892,2.1,2.8,57210,918,974,437,209,228,1002,503,499,453,206,247,44,12,32,0,0,88,0
Atascosa,TX,50310,36.8,3.8,50594,25084,25226,13725,7057,6668,29200,14630,14570,7385,3397,3988,829,293,536,6,0,1181,52
Austin,TX,29989,44,3.6,59942,14954,15035,7129,3631,3498,17161,8613,8548,5699,2710,2989,619,226,393,0,0,861,0
Bailey,TX,7027,8.7,4.4,45051,3499,3528,2206,1084,1122,3796,1932,1864,1025,483,542,132,58,74,0,0,205,0
Bandera,TX,22824,25.9,3.4,53008,11327,11497,3812,1954,1858,12855,6292,6563,6157,3081,3076,543,246,297,0,0,267,0
Bastrop,TX,86976,83.5,3.4,61883,44296,42680,22117,11201,10916,51648,26873,24775,13211,6222,6989,1178,446,732,0,25489514,5429,105
Baylor,TX,3582,4.3,3.3,41180,1744,1838,824,426,398,1905,953,952,853,365,488,140,45,95,27,0,,
Bee,TX,32587,36.2,5.1,41806,19819,12768,6863,3487,3376,21712,14493,7219,4012,1839,2173,443,154,289,8,0,313,0
Bell,TX,355642,295.2,4.1,54292,176710,178932,98517,49861,48656,218540,109643,108897,38585,17206,21379,4336,1628,2708,90,2097095946,11589,178
Bexar,TX,1986049,1383.1,3.3,54210,980516,1005533,507669,258403,249266,1237759,617893,619866,240621,104220,136401,28537,10202,18335,648,6210437451,93480,2836
Blanco,TX,11702,14.8,2.6,64832,5872,5830,2135,1103,1032,6726,3411,3315,2841,1358,1483,234,106,128,0,0,343,2
Borden,TX,648,0.7,3.2,66101,337,311,131,69,62,357,187,170,160,81,79,27,8,19,0,0,,
Bosque,TX,18691,18.5,3.7,48460,9248,9443,4033,2096,1937,10051,4950,5101,4607,2202,2405,571,251,320,0,0,214,0
Bowie,TX,94324,104.6,4.9,47339,47473,46851,22392,11449,10943,56327,29256,27071,15605,6768,8837,2037,657,1380,82,1847031268,6090,483
Brazoria,TX,370200,230.7,4.5,74225,187001,183199,97945,50205,47740,228577,116726,111851,43678,20070,23608,4309,1535,2774,16,49562457,31857,385
Brazos,TX,226758,332.8,2.8,50113,114626,112132,46685,23678,23007,159311,81559,77752,20762,9389,11373,2438,952,1486,48,1890016545,14891,917
Brewster,TX,9267,1.5,3.4,45670,4684,4583,1744,893,851,5379,2722,2657,2144,1069,1075,230,68,162,3,1197891697,31,0
Briscoe,TX,1516,1.8,3.9,44409,749,767,284,144,140,835,404,431,397,201,196,47,19,28,0,0,30,0
Brooks,TX,7114,7.7,6.5,30116,3595,3519,2013,1042,971,3798,2000,1798,1303,553,750,146,45,101,0,0,40,0
Brown,TX,37924,40.3,3.7,47097,18764,19160,8400,4280,4120,21968,10995,10973,7556,3489,4067,936,360,576,12,0,1900,241
Burleson,TX,18389,26.1,3.6,53626,9045,9344,4079,2067,2012,10555,5157,5398,3755,1821,1934,525,214,311,0,0,779,0
Burnet,TX,47542,43,2.9,56696,23296,24246,10171,5212,4959,26746,13070,13676,10625,5014,5611,1101,458,643,12,135975128,1123,0
Caldwell,TX,43247,69.8,3.6,52588,21822,21425,10303,5283,5020,26734,13707,13027,6210,2832,3378,723,256,467,0,278757834,1366,0
Calhoun,TX,21561,42.2,4.1,52085,11078,10483,5217,2677,2540,12474,6492,5982,3870,1909,1961,443,180,263,6,0,1670,118
Callahan,TX,13994,15.1,3.4,50330,6930,7064,3149,1634,1515,7976,3918,4058,2869,1378,1491,351,136,215,0,0,231,25
Cameron,TX,423908,456,6.2,38106,206353,217555,128553,65382,63171,237940,115600,122340,57415,25371,32044,7315,2831,4484,104,2393161566,25281,1004
Camp,TX,13033,63.3,4.9,43714,6329,6704,3463,1704,1759,7156,3447,3709,2414,1178,1236,237,100,137,0,0,991,0
Carson,TX,6005,6.7,2.8,64799,3010,2995,1448,739,709,3384,1709,1675,1173,562,611,125,46,79,0,0,146,0
Cass,TX,30119,32.5,5.1,44154,14581,15538,6802,3515,3287,16657,8018,8639,6660,3048,3612,794,290,504,0,0,930,66
Castro,TX,7665,9,2.9,45689,3945,3720,2189,1172,1017,4264,2192,2072,1212,581,631,166,64,102,0,0,1180,58
Chambers,TX,42454,58.8,5.4,89513,21505,20949,11883,6160,5723,25561,12992,12569,5010,2353,2657,429,156,273,0,0,2589,0
Cherokee,TX,52592,48.3,4.1,43483,26822,25770,13370,6884,6486,29991,15719,14272,9231,4219,5012,1051,369,682,0,0,1207,61
Childress,TX,7291,10.1,2.5,42291,4434,2857,1443,766,677,4725,3175,1550,1123,493,630,142,53,89,0,0,65,0
Clay,TX,10456,9.9,3.2,58356,5209,5247,2099,1046,1053,5982,3005,2977,2375,1158,1217,278,116,162,0,0,175,0
Cochran,TX,2836,4,4.2,42873,1423,1413,786,395,391,1587,810,777,463,218,245,52,22,30,0,0,39,0
Coke,TX,3370,3.6,3.4,44804,1666,1704,709,352,357,1742,873,869,919,441,478,98,38,60,0,0,27,0
Coleman,TX,8397,7,4,39484,4240,4157,1764,885,879,4537,2333,2204,2096,1022,1074,233,104,129,0,0,59,0
Collin,TX,1005146,930,3.3,96936,494802,510344,260476,132896,127580,634015,313377,320638,110655,48529,62126,10048,3663,6385,195,1413062725,47335,1226
Collingsworth,TX,2962,3.3,3.2,39536,1449,1513,779,382,397,1624,819,805,559,248,311,74,27,47,0,0,99,0
Colorado,TX,21217,21.7,3.3,48258,10665,10552,4840,2476,2364,11679,6002,5677,4698,2187,2511,647,221,426,4,0,729,0
Comal,TX,148373,193.9,3.2,76523,73333,75040,33674,17238,16436,87870,43488,44382,26829,12607,14222,2640,948,1692,12,0,3445,339
Comanche,TX,13534,14.9,3.6,52251,6738,6796,3002,1534,1468,7243,3649,3594,3289,1555,1734,367,147,220,0,0,247,32
Concho,TX,4276,4.2,3.6,40987,3020,1256,509,271,238,3011,2357,654,756,392,364,80,40,40,0,0,52,0
Cooke,TX,40574,43.9,3.1,52047,20262,20312,9686,5075,4611,23368,11657,11711,7520,3530,3990,819,339,480,5,685233195,439,0
Coryell,TX,74808,71.7,4.1,48099,37143,37665,17053,8618,8435,50086,25223,24863,7669,3302,4367,686,274,412,4,1562074574,8268,79
Cottle,TX,1389,1.7,4.3,38304,674,715,321,174,147,730,354,376,338,146,192,42,10,32,0,0,118,23
Crane,TX,4794,5.6,3.8,61987,2415,2379,1409,715,694,2813,1443,1370,572,257,315,80,29,51,0,0,289,9
Crockett,TX,3499,1.3,3,49117,1747,1752,857,421,436,2022,1036,986,620,290,330,63,28,35,0,0,,
Crosby,TX,5779,6.7,4.5,37911,2857,2922,1536,774,762,3162,1589,1573,1081,494,587,138,48,90,0,0,110,47
Culberson,TX,2204,0.6,3.2,42164,1089,1115,500,254,246,1231,622,609,473,213,260,69,35,34,0,0,,
Dallam,TX,7200,4.5,2,50587,3754,3446,2273,1203,1070,4103,2145,1958,824,406,418,90,33,57,0,0,634,16
Dallas,TX,2637772,2718,3.7,59838,1301788,1335984,689692,351915,337777,1664926,827857,837069,283154,122016,161138,31835,10687,21148,614,4844463585,285748,6828
Dawson,TX,12619,15.4,4.3,43726,6922,5697,3230,1673,1557,7505,4418,3087,1884,831,1053,237,99,138,0,0,1398,53
Deaf Smith,TX,18760,12.9,2.8,44230,9369,9391,5824,2951,2873,10559,5333,5226,2377,1085,1292,345,135,210,0,0,3579,171
Delta,TX,5349,20.4,3.4,44410,2661,2688,1240,604,636,2995,1511,1484,1114,546,568,95,33,62,0,0,54,0
Denton,TX,859064,754.3,3.2,88384,422725,436339,211996,108119,103877,559654,275620,284034,87414,38986,48428,7417,2615,4802,81,1557067131,49761,1251
DeWitt,TX,20187,22.1,3.1,49208,10602,9585,4528,2364,2164,11636,6512,5124,4023,1726,2297,572,178,394,0,0,845,41
Dickens,TX,2249,2.7,4.2,39627,1245,1004,424,209,215,1312,812,500,513,224,289,56,28,28,0,0,56,0
Dimmit,TX,10308,7.5,3,37177,5071,5237,2996,1545,1451,5583,2761,2822,1729,765,964,263,110,153,0,0,51,0
Donley,TX,3319,4,3.4,40945,1630,1689,654,329,325,1869,941,928,796,360,436,83,33,50,0,0,1341,0
Duval,TX,11212,6.6,5.3,35156,5780,5432,2787,1402,1385,6414,3454,2960,2011,924,1087,261,101,160,0,0,162,0
Eastland,TX,18322,20.1,3.4,44773,9149,9173,3942,2016,1926,10377,5291,5086,4003,1842,2161,505,186,319,0,0,240,0
Ector,TX,162124,152.8,2.7,60431,82485,79639,48856,24944,23912,97508,50545,46963,15760,6996,8764,1774,608,1166,50,2027708079,5198,199
Edwards,TX,1928,0.9,2.8,37812,1019,909,436,247,189,931,473,458,561,299,262,56,25,31,0,0,,
Ellis,TX,179436,159.9,3.3,76792,88513,90923,47950,24620,23330,108505,53655,54850,22981,10238,12743,2205,756,1449,18,0,9928,433
El Paso,TX,840758,790.6,4.2,43948,414214,426544,228000,115479,112521,509666,254772,254894,103092,43963,59129,13716,4835,8881,203,437766624,67796,1607
Erath,TX,42446,35,3.1,47087,20784,21662,8707,4431,4276,27724,13610,14114,6015,2743,3272,759,264,495,5,0,761,59
Falls,TX,17335,23.3,3.9,37428,8230,9105,3613,1851,1762,10575,4887,5688,3147,1492,1655,389,169,220,0,441916289,229,0
Fannin,TX,35286,38.1,3.1,53111,18731,16555,7579,3937,3642,21175,11686,9489,6532,3108,3424,711,295,416,2,0,1087,42
Fayette,TX,25349,25.8,2.8,55776,12456,12893,5111,2557,2554,13807,6874,6933,6431,3025,3406,894,312,582,0,272550426,1260,56
Fisher,TX,3839,4.4,3.3,45261,1903,1936,812,405,407,2084,1069,1015,943,429,514,137,54,83,0,0,30,9
Floyd,TX,5837,6.5,5.2,39891,2942,2895,1572,821,751,3173,1616,1557,1092,505,587,162,76,86,0,0,203,0
Foard,TX,1200,1.9,2.9,37648,583,617,247,122,125,637,318,319,316,143,173,47,17,30,0,0,,
Fort Bend,TX,787858,679.5,4,92310,386599,401259,216504,110365,106139,484226,236272,247954,87128,39962,47166,7609,2754,4855,128,479573726,66766,1590
Franklin,TX,10766,37.3,4.1,48222,5350,5416,2526,1286,1240,5888,2961,2927,2352,1103,1249,274,106,168,0,0,237,0
Freestone,TX,19808,22.6,5.8,49317,10281,9527,4523,2287,2236,11347,6194,5153,3938,1800,2138,488,166,322,0,0,284,0
Frio,TX,19816,15.2,2.9,41038,11753,8063,4574,2309,2265,12807,8347,4460,2435,1097,1338,270,88,182,0,0,960,0
Gaines,TX,20901,11.7,2.6,56321,10598,10303,7502,3750,3752,11546,5977,5569,1853,871,982,216,88,128,0,0,199,0
Galveston,TX,337890,769.9,4.6,71959,166132,171758,81893,41694,40199,207392,102365,105027,48605,22073,26532,5077,1823,3254,26,616862237,34366,1324
Garza,TX,6578,7.2,3,46490,4355,2223,1115,580,535,4734,3446,1288,729,329,400,87,32,55,0,0,121,0
Gillespie,TX,26804,23.5,2.5,61433,13054,13750,5349,2759,2590,13488,6546,6942,7967,3749,4218,1139,444,695,10,0,189,0
Glasscock,TX,1388,1.4,2,83330,765,623,363,202,161,814,448,366,211,115,96,19,10,9,0,0,32,0
Goliad,TX,7584,8.5,3.8,55008,3756,3828,1621,825,796,4225,2099,2126,1738,832,906,215,80,135,0,0,346,0
Gonzales,TX,20826,18.6,3,49829,10517,10309,5621,2922,2699,11722,5958,5764,3483,1637,1846,410,157,253,0,0,2306,71
Gray,TX,21895,24.3,3.9,49121,11615,10280,5630,2891,2739,12714,7113,5601,3551,1611,1940,497,200,297,8,0,3145,22
Grayson,TX,133991,129.6,3.2,51403,65368,68623,31842,16297,15545,78532,38437,40095,23617,10634,12983,2703,954,1749,62,10682957,5837,21
Gregg,TX,123707,445.4,4.1,50610,60112,63595,31951,16380,15571,72740,35657,37083,19016,8075,10941,2581,886,1695,66,1742523913,6224,59
Grimes,TX,28360,33.8,4.1,49498,15432,12928,6371,3269,3102,17060,9737,7323,4929,2426,2503,512,182,330,0,0,2411,46
Guadalupe,TX,163694,184.9,3.1,73864,81018,82676,41018,20916,20102,100065,49817,50248,22611,10285,12326,2396,916,1480,9,0,4887,0
Hale,TX,33830,36.1,4.8,42782,17658,16172,9160,4608,4552,20125,10948,9177,4545,2102,2443,598,251,347,5,0,1724,184
Hall,TX,3028,3.8,4.3,32597,1499,1529,694,354,340,1633,815,818,701,330,371,96,46,50,0,0,20,0
Hamilton,TX,8484,10.2,3.3,49210,4218,4266,1873,974,899,4499,2286,2213,2112,958,1154,327,104,223,0,0,290,9
Hansford,TX,5463,6.1,2.3,57240,2785,2678,1594,861,733,3062,1572,1490,807,352,455,115,32,83,0,0,492,55
Hardeman,TX,3922,6,3.6,42469,1984,1938,837,449,388,2203,1128,1075,882,407,475,117,45,72,0,0,9,0
Hardin,TX,57207,61.3,5.2,60909,28188,29019,14055,7240,6815,33624,16700,16924,9528,4248,5280,1069,397,672,0,0,5738,190
Harris,TX,4698619,2402.4,4.4,60241,2333866,2364753,1251684,637292,614392,2952671,1477810,1474861,494264,218764,275500,51331,18194,33137,918,482158111,408356,7661
Harrison,TX,66726,72.9,4.4,50131,32660,34066,16865,8586,8279,38584,18997,19587,11277,5077,6200,1245,439,806,0,280402745,7213,530
Hartley,TX,5619,4.1,1.8,72451,3365,2254,1184,613,571,3581,2358,1223,854,394,460,125,49,76,0,0,311,53
Haskell,TX,5813,6.5,3.8,40880,3108,2705,1083,547,536,3453,1961,1492,1277,600,677,180,63,117,0,0,33,0
Hays,TX,222631,231.7,3,68180,110756,111875,51181,26109,25072,146986,73417,73569,24464,11230,13234,2094,733,1361,42,309458526,10650,96
Hemphill,TX,3825,4.2,2.1,66849,1920,1905,1176,601,575,2096,1063,1033,553,256,297,67,35,32,0,0,58,0
Henderson,TX,82299,89.9,3.7,43337,40249,42050,17724,9187,8537,46493,22698,23795,18082,8364,9718,1887,735,1152,10,0,1760,6
Hidalgo,TX,865939,493.2,6.6,38785,424482,441457,281965,143388,138577,487949,238499,249450,96025,42595,53430,12153,4962,7191,271,122885663,19971,342
Hill,TX,36354,36.6,3.6,48670,18114,18240,8495,4370,4125,20317,10154,10163,7542,3590,3952,904,323,581,5,0,938,46
Hockley,TX,22980,25.2,3.1,46764,11458,11522,5915,3016,2899,13693,6902,6791,3372,1540,1832,383,160,223,0,0,1205,59
Hood,TX,60537,121.7,3.7,60917,29601,30936,12905,6622,6283,32762,16067,16695,14870,6912,7958,1661,627,1034,12,0,1138,153
Hopkins,TX,36810,45.8,3.4,52079,18124,18686,9068,4632,4436,21022,10457,10565,6720,3035,3685,759,260,499,10,0,482,0
Houston,TX,23169,19.3,3.7,39533,12385,10784,4600,2344,2256,13470,7665,5805,5099,2376,2723,649,258,391,0,0,1372,0
Howard,TX,36459,38.9,3.3,50423,20966,15493,7817,4074,3743,23949,14699,9250,4693,2193,2500,612,252,360,8,0,227,51
Hudspeth,TX,4795,0.8,4.7,42671,2541,2254,1016,494,522,3042,1663,1379,737,384,353,87,39,48,0,0,8,0
Hunt,TX,96493,102.5,3.8,53360,47593,48900,23183,11821,11362,58028,28786,29242,15282,6986,8296,1608,613,995,23,0,2723,134
Hutchinson,TX,21198,25,5,54351,10663,10535,5443,2739,2704,12248,6250,5998,3507,1674,1833,451,192,259,4,0,963,0
Irion,TX,1522,1.5,3.1,56775,781,741,335,170,165,860,450,410,327,161,166,41,16,25,0,0,,
Jack,TX,8843,9.9,2.5,48780,4988,3855,1924,991,933,5405,3270,2135,1514,727,787,142,61,81,0,0,195,0
Jackson,TX,14874,17,3.3,54088,7400,7474,3784,1867,1917,8405,4282,4123,2685,1251,1434,377,137,240,0,0,605,18
Jasper,TX,35872,38,6.5,47551,17762,18110,8611,4388,4223,20240,10145,10095,7021,3229,3792,701,275,426,6,0,1078,73
Jeff Davis,TX,2252,1,3,51343,1154,1098,174,99,75,1293,654,639,785,401,384,89,28,61,0,0,,
Jefferson,TX,255001,287.9,6.3,48121,130778,124223,61181,31306,29875,157011,83249,73762,36809,16223,20586,4997,1794,3203,88,2531649889,17884,1047
Jim Hogg,TX,5248,4.7,5.7,36176,2694,2554,1613,870,743,2712,1425,1287,923,399,524,79,28,51,0,0,123,0
Jim Wells,TX,40822,47.2,5.4,41919,20244,20578,11348,5876,5472,23208,11500,11708,6266,2868,3398,757,268,489,8,0,286,0
Johnson,TX,171361,208.3,3.4,62635,85449,85912,44541,22935,21606,102601,51622,50979,24219,10892,13327,2166,800,1366,35,3149536,5735,151
Jones,TX,19817,21.8,4.8,43903,12433,7384,3412,1735,1677,13314,9217,4097,3091,1481,1610,375,160,215,0,0,4430,0
Karnes,TX,15650,19.8,2.8,48743,9209,6441,3347,1722,1625,10098,6507,3591,2205,980,1225,321,118,203,0,0,195,0
Kaufman,TX,128622,132.4,3.5,67434,63360,65262,35656,18109,17547,77599,38288,39311,15367,6963,8404,1429,481,948,8,619860038,5730,45
Kendall,TX,45641,50.4,2.9,90937,22350,23291,10504,5290,5214,26434,13070,13364,8703,3990,4713,1075,355,720,0,0,1076,0
Kenedy,TX,442,0.3,3.7,42153,228,214,120,73,47,253,121,132,69,34,35,13,3,10,0,0,,
Kent,TX,726,0.9,2.4,47625,361,365,153,85,68,376,206,170,197,70,127,30,7,23,0,0,,
Kerr,TX,52405,45,3.2,53704,25219,27186,10062,5098,4964,27827,13415,14412,14516,6706,7810,1907,804,1103,12,0,430,0
Kimble,TX,4362,3.7,3.1,42503,2134,2228,766,398,368,2316,1138,1178,1280,598,682,138,49,89,0,0,24,0
King,TX,277,0.3,2.8,57925,140,137,70,32,38,158,84,74,49,24,25,5,4,1,0,0,,
Kinney,TX,3767,2.6,4.7,43192,2074,1693,710,386,324,2153,1251,902,904,437,467,115,66,49,0,0,2,0
Kleberg,TX,31129,36.4,5,42605,15939,15190,7540,3869,3671,19560,10256,9304,4029,1814,2215,504,195,309,10,0,529,49
Knox,TX,3653,4.4,3.6,39726,1809,1844,965,486,479,1962,1018,944,726,305,421,96,30,66,0,0,55,0
Lamar,TX,49728,54.9,3.8,45767,23970,25758,11833,6071,5762,28348,13726,14622,9547,4173,5374,1157,379,778,20,0,3635,165
Lamb,TX,13158,13.8,4.4,42700,6523,6635,3658,1852,1806,7284,3677,3607,2216,994,1222,319,112,207,0,0,360,0
Lampasas,TX,21229,27.6,3.7,55151,10461,10768,4692,2343,2349,12372,6225,6147,4165,1893,2272,471,192,279,0,0,296,0
La Salle,TX,7531,4.6,2.4,40072,4457,3074,1478,791,687,5020,3188,1832,1033,478,555,113,49,64,0,0,106,0
Lavaca,TX,20110,19.9,3.2,51128,9822,10288,4751,2371,2380,10676,5337,5339,4683,2114,2569,728,246,482,3,0,367,37
Lee,TX,17144,26.4,3.1,55834,8609,8535,3750,1922,1828,10224,5183,5041,3170,1504,1666,350,131,219,0,188591621,300,1
Leon,TX,17270,15.7,5,47065,8587,8683,3886,2025,1861,9158,4565,4593,4226,1997,2229,447,176,271,0,0,378,0
Liberty,TX,86323,65.3,5.8,52577,42794,43529,22868,11689,11179,52403,25970,26433,11052,5135,5917,1001,360,641,0,999132106,2866,61
Limestone,TX,23519,25.8,4.7,43226,12143,11376,5267,2737,2530,13671,7296,6375,4581,2110,2471,565,225,340,6,0,810,58
Lipscomb,TX,3355,3.5,2.7,57332,1734,1621,867,445,422,1880,1003,877,608,286,322,94,32,62,0,0,67,0
Live Oak,TX,12166,11.1,3.8,48814,6667,5499,2420,1260,1160,7241,4183,3058,2505,1224,1281,301,112,189,0,0,313,0
Llano,TX,21646,20.7,3.7,54019,10482,11164,3358,1742,1616,10470,5032,5438,7818,3708,4110,950,392,558,0,0,198,0
Loving,TX,152,0.1,3.9,78637,85,67,52,27,25,85,49,36,15,9,6,0,0,0,0,0,,
Lubbock,TX,307412,311.3,3.1,50377,151464,155948,73288,37187,36101,195924,97601,98323,38200,16676,21524,4718,1665,3053,267,3049283842,29695,2224
Lynn,TX,5877,6.6,3.2,43436,2997,2880,1574,804,770,3313,1726,1587,990,467,523,110,45,65,0,0,300,41
McCulloch,TX,7987,7.8,3.3,42719,4012,3975,1771,952,819,4438,2225,2213,1778,835,943,228,95,133,0,0,156,0
McLennan,TX,254607,226.5,3.6,48858,124464,130143,62861,32338,30523,155131,76137,78994,36615,15989,20626,4965,1709,3256,54,2290479516,5591,211
McMullen,TX,749,0.6,1.9,64633,411,338,140,70,70,429,244,185,180,97,83,29,15,14,0,0,,
Madison,TX,14422,29.3,4.4,45445,8283,6139,3052,1520,1532,9119,5719,3400,2251,1044,1207,275,102,173,0,0,205,0
Marion,TX,9928,27.7,4.6,38011,4842,5086,1796,910,886,5514,2665,2849,2618,1267,1351,255,108,147,0,0,575,5
Martin,TX,5753,5.2,2.4,56484,2911,2842,1789,906,883,3316,1699,1617,648,306,342,76,34,42,0,0,149,27
Mason,TX,4280,4.3,3.1,49560,2143,2137,895,482,413,2165,1090,1075,1220,571,649,127,56,71,0,0,959,0
Matagorda,TX,36552,33.4,6.1,48830,18415,18137,9324,4759,4565,21007,10701,10306,6221,2955,3266,704,231,473,6,0,3677,246
Maverick,TX,58485,42.4,8.1,35594,29178,29307,18246,9182,9064,33323,16925,16398,6916,3071,3845,751,313,438,10,0,2289,12
Medina,TX,50921,34.7,3.5,59304,26276,24645,11752,5977,5775,30680,16288,14392,8489,4011,4478,970,357,613,0,0,1847,99
Menard,TX,2139,2.5,4,35881,1062,1077,378,197,181,1082,518,564,679,347,332,108,52,56,0,0,,
Midland,TX,172578,152,2.1,80189,87103,85475,49266,25131,24135,105513,54169,51344,17799,7803,9996,2639,956,1683,48,26,4883,428
Milam,TX,25131,24.3,5.5,46720,12385,12746,6186,3215,2971,13847,6818,7029,5098,2352,2746,676,235,441,0,0,984,38
Mills,TX,4921,6.6,3.5,47068,2456,2465,1008,549,459,2507,1225,1282,1406,682,724,205,83,122,0,0,13,0
Mitchell,TX,8145,10.3,4.4,48529,4751,3394,1751,898,853,5154,3288,1866,1240,565,675,139,44,95,0,0,55,0
Montague,TX,19596,21.2,3.2,50542,9618,9978,4454,2230,2224,10827,5372,5455,4315,2016,2299,489,200,289,0,0,383,41
Montgomery,TX,590925,437.5,3.8,77598,292758,298167,155734,79404,76330,357928,178275,179653,77263,35079,42184,7179,2546,4633,97,277067904,35012,783
Moore,TX,21485,24.3,2.7,53785,11160,10325,6873,3507,3366,12269,6546,5723,2343,1107,1236,290,130,160,3,0,19071,337
Morris,TX,12339,51.3,6.6,41418,5934,6405,2814,1450,1364,6822,3246,3576,2703,1238,1465,313,106,207,0,0,533,0
Motley,TX,1234,1.2,3.6,41009,634,600,245,131,114,615,322,293,374,181,193,46,24,22,0,0,49,0
Nacogdoches,TX,65711,68.2,3.9,45357,31479,34232,15243,7746,7497,40783,19352,21431,9685,4381,5304,1168,424,744,27,1474243408,9115,531
Navarro,TX,49565,47.3,3.7,46259,24313,25252,13139,6675,6464,27997,13798,14199,8429,3840,4589,954,329,625,9,0,1738,117
Newton,TX,13746,15.5,6.6,43367,7066,6680,2782,1405,1377,8143,4338,3805,2821,1323,1498,292,113,179,0,0,166,0
Nolan,TX,14751,16.7,3.3,42522,7370,7381,3855,1984,1871,8202,4161,4041,2694,1225,1469,345,112,233,5,0,72,0
Nueces,TX,362265,405.8,4.7,53034,179134,183131,88977,45761,43216,221073,110170,110903,52215,23203,29012,6447,2216,4231,115,4477614483,8723,115
Ochiltree,TX,9947,11.1,2.8,49845,5030,4917,3151,1582,1569,5688,2932,2756,1108,516,592,113,47,66,0,0,1202,59
Oldham,TX,2131,1.4,2.6,56590,1109,1022,526,312,214,1286,644,642,319,153,166,32,14,18,0,0,193,68
Orange,TX,83572,245.3,5.7,56556,41439,42133,20764,10740,10024,49342,24635,24707,13466,6064,7402,1530,552,978,0,1034116,3979,60
Palo Pinto,TX,28875,29.5,3.4,46067,14235,14640,6711,3497,3214,16525,8080,8445,5639,2658,2981,578,218,360,8,0,437,77
Panola,TX,23148,29.7,4.2,51192,11456,11692,5401,2787,2614,13309,6612,6697,4438,2057,2381,442,175,267,0,0,5825,481
Parker,TX,138371,129.4,3.1,73718,68872,69499,34364,17685,16679,82705,41098,41607,21302,10089,11213,2047,807,1240,20,0,2209,11
Parmer,TX,9864,11.7,2.3,50539,5123,4741,2820,1473,1347,5689,3022,2667,1355,628,727,161,52,109,0,0,1017,0
Pecos,TX,15673,3.3,3.6,47008,8912,6761,3821,1935,1886,9751,5933,3818,2101,1044,1057,228,106,122,0,0,902,0
Polk,TX,50031,43,5,46017,26937,23094,10088,5239,4849,30521,16884,13637,9422,4814,4608,590,235,355,8,0,1683,0
Potter,TX,119648,133.3,2.9,41912,61609,58039,32848,16731,16117,71878,38245,33633,14922,6633,8289,1987,696,1291,99,2299971915,57259,727
Presidio,TX,6948,2,7,37738,3557,3391,1840,987,853,3501,1763,1738,1607,807,800,278,125,153,0,0,7,0
Rains,TX,12159,47.6,3.5,47572,6044,6115,2428,1274,1154,6748,3317,3431,2983,1453,1530,242,118,124,0,0,110,0
Randall,TX,136271,132.4,2.6,69600,67024,69247,32501,16572,15929,83234,41343,41891,20536,9109,11427,2195,817,1378,0,0,18573,201
Reagan,TX,3741,2.9,2.5,65273,2001,1740,1091,579,512,2230,1211,1019,420,211,209,46,14,32,0,0,8,0
Real,TX,3478,4.7,5,39506,1733,1745,585,327,258,1868,909,959,1025,497,528,85,32,53,0,0,,
Red River,TX,12175,12.4,5.4,42233,5912,6263,2429,1246,1183,6750,3301,3449,2996,1365,1631,392,138,254,0,0,908,62
Reeves,TX,15695,5.2,2.1,45341,9632,6063,3529,1851,1678,10287,6916,3371,1879,865,1014,254,93,161,0,0,94,0
Refugio,TX,7032,9.6,4.7,44821,3450,3582,1595,779,816,3847,1935,1912,1590,736,854,182,66,116,0,0,67,0
Roberts,TX,903,1,3,67470,448,455,220,101,119,494,252,242,189,95,94,15,4,11,0,0,92,0
Robertson,TX,17284,19.4,4.1,44917,8478,8806,4150,2143,2007,9798,4787,5011,3336,1548,1788,432,167,265,0,0,258,0
Rockwall,TX,100657,616.7,3.2,102858,49740,50917,27150,13894,13256,60913,30218,30695,12594,5628,6966,1329,441,888,6,0,4870,205
Runnels,TX,10234,10,3.1,42205,5203,5031,2329,1219,1110,5779,2973,2806,2126,1011,1115,286,109,177,0,0,67,0
Rusk,TX,54450,57.7,4.1,49788,29363,25087,12111,6201,5910,33312,18971,14341,9027,4191,4836,1081,422,659,0,0,1932,58
Sabine,TX,10589,22,7.9,40641,5213,5376,1983,979,1004,5372,2655,2717,3234,1579,1655,357,134,223,0,0,140,0
San Augustine,TX,8232,16.7,6.5,38826,4052,4180,1628,840,788,4427,2189,2238,2177,1023,1154,315,116,199,0,0,1088,64
San Jacinto,TX,28719,46.3,5,47028,14249,14470,6194,3144,3050,16245,8044,8201,6280,3061,3219,582,272,310,0,0,569,0
San Patricio,TX,66893,93.5,6.3,53559,33652,33241,17900,9240,8660,38972,19791,19181,10021,4621,5400,1025,396,629,0,99165089,965,0
San Saba,TX,6054,5.4,3,43827,3308,2746,1218,621,597,3390,2004,1386,1446,683,763,205,70,135,0,0,13,0
Schleicher,TX,2895,2.6,2.9,47317,1436,1459,744,362,382,1584,790,794,567,284,283,49,29,20,0,0,,
Scurry,TX,16866,18.7,3.4,53059,9148,7718,4254,2192,2062,10064,5825,4239,2548,1131,1417,374,128,246,0,0,148,0
Shackelford,TX,3253,3.7,2.3,57126,1572,1681,748,372,376,1840,898,942,665,302,363,78,24,54,0,0,25,0
Shelby,TX,25418,32,4.3,41961,12637,12781,6560,3365,3195,14407,7224,7183,4451,2048,2403,474,175,299,0,0,6576,159
Sherman,TX,3079,3.3,2.7,57052,1604,1475,869,456,413,1751,927,824,459,221,238,68,27,41,0,0,814,0
Smith,TX,230221,227.6,3.6,56848,111207,119014,56582,29026,27556,135629,65318,70311,38010,16863,21147,4739,1787,2952,194,1950564629,9021,199
Somervell,TX,9016,45.5,4.2,63929,4442,4574,2016,1003,1013,5295,2618,2677,1705,821,884,212,75,137,0,0,,
Starr,TX,64525,49.8,10.1,30490,31430,33095,21214,10510,10704,35998,17742,18256,7313,3178,4135,859,330,529,0,278608,777,0
Stephens,TX,9433,10.7,3.6,43115,4990,4443,2040,1053,987,5529,3079,2450,1864,858,1006,242,88,154,0,0,83,0
Sterling,TX,1311,1.2,3.3,59064,668,643,373,193,180,749,393,356,189,82,107,37,10,27,0,0,,
Stonewall,TX,1362,1.6,3.5,46915,665,697,303,147,156,698,356,342,361,162,199,66,29,37,0,0,,
Sutton,TX,3758,2.8,3.8,54774,1920,1838,896,450,446,2172,1126,1046,690,344,346,101,39,62,0,0,,
Swisher,TX,7462,8.8,4.3,43084,3975,3487,1874,965,909,4269,2406,1863,1319,604,715,187,74,113,0,0,557,0
Tarrant,TX,2084931,2094.7,3.5,66059,1020097,1064834,549063,279490,269573,1300681,637754,662927,235187,102853,132334,25637,8928,16709,409,1656764261,162138,4681
Taylor,TX,137640,143.6,3.2,48040,67226,70414,33983,17254,16729,83872,41553,42319,19785,8419,11366,2762,934,1828,110,2224035643,14700,228
Terrell,TX,823,0.4,3.4,41413,421,402,163,84,79,416,220,196,244,117,127,41,16,25,0,3,,
Terry,TX,12287,14.2,4.1,41268,6417,5870,3379,1695,1684,7048,3896,3152,1860,826,1034,231,79,152,0,0,634,0
Throckmorton,TX,1515,1.8,3.4,42701,708,807,298,130,168,792,383,409,425,195,230,55,20,35,0,0,,
Titus,TX,33033,79.6,5,45604,16186,16847,9578,4805,4773,18740,9233,9507,4715,2148,2567,543,208,335,8,0,5140,30
Tom Green,TX,118189,72.4,3.2,51393,58764,59425,28236,14326,13910,71686,36252,35434,18267,8186,10081,2390,907,1483,29,1850292775,2899,52
Travis,TX,1248743,1034.4,2.8,76255,631266,617477,270726,138148,132578,854622,437310,417312,123395,55808,67587,13032,4633,8399,294,4667588037,106005,2882
Trinity,TX,14740,21,5.1,40486,7105,7635,2954,1507,1447,7865,3707,4158,3921,1891,2030,387,160,227,0,0,491,0
Tyler,TX,21696,23.5,6.6,44041,11693,10003,4183,2106,2077,12667,7338,5329,4846,2249,2597,546,195,351,0,0,406,0
Upshur,TX,41260,67.4,4.2,48554,20387,20873,9817,5038,4779,23867,11850,12017,7576,3499,4077,777,286,491,0,0,818,0
Upton,TX,3671,2.7,3.4,53867,1881,1790,1083,557,526,2072,1070,1002,516,254,262,72,24,48,0,0,,
Uvalde,TX,26846,17,4.3,39725,13209,13637,7260,3673,3587,15068,7522,7546,4518,2014,2504,674,267,407,6,0,401,0
Val Verde,TX,49208,15.5,4.3,44276,25156,24052,14033,7158,6875,28174,14800,13374,7001,3198,3803,972,384,588,7,434732444,764,0
Van Zandt,TX,56019,62.4,3.5,51152,27363,28656,12922,6479,6443,31776,15649,16127,11321,5235,6086,1208,454,754,0,0,999,64
Victoria,TX,92035,98.4,3.8,51646,45094,46941,23330,11899,11431,53883,26645,27238,14822,6550,8272,1930,698,1232,43,3073475558,7158,215
Walker,TX,72480,86.5,4.2,43681,42184,30296,10927,5694,5233,51982,31873,20109,9571,4617,4954,1013,403,610,6,0,16979,501
Waller,TX,53126,84.1,4.3,59807,26482,26644,12898,6585,6313,33946,16898,17048,6282,2999,3283,655,267,388,0,0,1895,0
Ward,TX,11720,12.8,2.6,53621,5898,5822,3358,1683,1675,6726,3483,3243,1636,732,904,219,78,141,0,0,9,0
Washington,TX,35108,55.8,3.7,54332,17230,17878,7620,4002,3618,19876,9802,10074,7612,3426,4186,1246,431,815,5,0,7158,779
Webb,TX,275910,74.5,3.8,44919,135563,140347,90830,46284,44546,158993,78009,80984,26087,11270,14817,3147,1128,2019,56,442506001,21338,831
Wharton,TX,41619,38,3.7,48040,20500,21119,10750,5495,5255,23759,11804,11955,7110,3201,3909,933,337,596,4,0,2232,0
Wheeler,TX,5191,5.9,3.2,48018,2613,2578,1301,706,595,2886,1430,1456,1004,477,527,110,42,68,0,0,451,0
Wichita,TX,132064,209.5,3.4,47477,68337,63727,29664,15046,14618,82964,44897,38067,19436,8394,11042,2705,900,1805,24,2162660645,4219,91
Wilbarger,TX,12820,13.9,4.1,44735,6348,6472,2849,1459,1390,7616,3835,3781,2355,1054,1301,316,103,213,0,0,141,0
Willacy,TX,21515,37.5,9.9,33171,11893,9622,5088,2590,2498,13412,7973,5439,3015,1330,1685,405,141,264,0,0,672,58
Williamson,TX,566719,378,3.1,87817,279077,287642,145276,74255,71021,352455,174308,178147,68988,30514,38474,6550,2310,4240,90,637725329,19046,667
Wilson,TX,50224,53.4,3.1,71207,25175,25049,12048,6182,5866,30143,15126,15017,8033,3867,4166,924,371,553,4,0,1614,161
Winkler,TX,7720,8.5,2.8,56781,3961,3759,2283,1144,1139,4488,2390,2098,949,427,522,104,40,64,0,0,144,0
Wise,TX,68305,65.4,3.4,66387,34159,34146,16919,8576,8343,41196,20727,20469,10190,4856,5334,876,337,539,21,0,1345,100
Wood,TX,45129,65,4.2,48384,22386,22743,8672,4429,4243,24315,12275,12040,12142,5682,6460,1202,433,769,0,293003622,708,12
Yoakum,TX,8591,9.9,2.8,61560,4385,4206,2797,1423,1374,4777,2485,2292,1017,477,540,117,40,77,0,0,83,0
Young,TX,18045,20.3,3.2,49301,8937,9108,4331,2218,2113,10043,5055,4988,3671,1664,2007,473,160,313,0,0,235,47
Zapata,TX,14190,14,5.6,33160,7083,7107,4704,2506,2198,7643,3716,3927,1843,861,982,200,80,120,0,0,351,0
Zavala,TX,11983,9,9.5,30076,6061,5922,3506,1773,1733,6765,3524,3241,1712,764,948,224,89,135,0,0,229,0
Utah,UT,622213,257.8,2.8,75296,314587,307626,207710,106965,100745,366453,185632,180821,48050,21990,26060,5176,2111,3065,122,3811716889,59170,465
Beaver,UT,6580,2.6,3.5,55940,3361,3219,2119,1092,1027,3513,1799,1714,948,470,478,78,44,34,0,0,,
Box Elder,UT,54950,8.7,3,62689,27852,27098,17430,9066,8364,30411,15358,15053,7109,3428,3681,772,353,419,0,2519429783,1161,42
Cache,UT,127068,96.7,2.7,60315,63667,63401,38511,19540,18971,76548,38443,38105,12009,5684,6325,1365,559,806,14,2807949913,3320,7
Carbon,UT,20269,14.5,4.5,51394,10065,10204,5227,2672,2555,11512,5737,5775,3530,1656,1874,387,145,242,6,335441872,345,0
Daggett,UT,980,1.5,4.4,58910,556,424,217,128,89,512,273,239,251,155,96,35,28,7,0,0,,
Davis,UT,351713,1025.8,2.9,84381,177609,174104,112970,58637,54333,203426,102690,100736,35317,16282,19035,3856,1589,2267,22,5216427798,18181,130
Duchesne,UT,19964,5.7,4.6,60767,10103,9861,6720,3401,3319,10836,5524,5312,2408,1178,1230,274,107,167,4,0,361,0
Emery,UT,10014,2.5,4.8,54213,5110,4904,2878,1544,1334,5408,2728,2680,1728,838,890,181,70,111,0,323873,265,0
Garfield,UT,5080,1,7.8,51028,2645,2435,1183,633,550,2722,1419,1303,1175,593,582,128,47,81,0,0,135,0
Grand,UT,9764,2.5,4.8,50750,4933,4831,2090,1069,1021,5857,2939,2918,1817,925,892,196,79,117,0,495723941,182,0
Iron,UT,52775,14,3.6,51393,26363,26412,15317,7800,7517,30758,15269,15489,6700,3294,3406,587,253,334,6,0,1600,0
Juab,UT,11555,3,3,65379,5929,5626,3973,2124,1849,6185,3138,3047,1397,667,730,117,41,76,0,496595556,360,0
Kane,UT,7709,1.8,3.2,52355,3894,3815,1809,929,880,4104,2066,2038,1796,899,897,130,50,80,0,0,170,0
Millard,UT,13006,1.9,3.3,58644,6658,6348,3997,2062,1935,6777,3477,3300,2232,1119,1113,310,138,172,0,0,291,0
Morgan,UT,12045,15.5,2.8,98875,6224,5821,4258,2276,1982,6405,3270,3135,1382,678,704,112,56,56,0,0,489,0
Piute,UT,1445,2.1,5.4,40387,746,699,331,175,156,697,358,339,417,213,204,46,27,19,0,0,31,0
Rich,UT,2464,2.2,3.3,60695,1268,1196,716,373,343,1305,662,643,443,233,210,63,35,28,0,0,,
Salt Lake,UT,1152633,1387.1,3,73619,578614,574019,312889,159743,153146,714587,362248,352339,125157,56623,68534,13656,5277,8379,282,6795684058,161905,2044
San Juan,UT,15449,1.9,6.2,42982,7726,7723,4719,2414,2305,8543,4293,4250,2187,1019,1168,260,101,159,1,774713589,6601,136
Sanpete,UT,30623,17.5,3.7,52910,16112,14511,7819,4030,3789,18531,9992,8539,4273,2090,2183,384,180,204,0,658221498,267,0
Sevier,UT,21539,10.9,3.6,54339,10945,10594,6338,3291,3047,11736,5981,5755,3465,1673,1792,361,164,197,0,303467943,311,0
Summit,UT,41933,19.4,3,105374,21461,20472,10253,5186,5067,26400,13547,12853,5280,2728,2552,312,133,179,4,4184211391,22664,0
Tooele,UT,69907,8.4,3.5,73584,35389,34518,22807,11779,11028,40697,20544,20153,6403,3066,3337,616,232,384,4,2742417775,4048,0
Uintah,UT,35438,7.3,4.7,63631,18011,17427,11754,6054,5700,19829,10104,9725,3855,1853,2002,426,181,245,4,0,393,0
Wasatch,UT,33240,20,3.1,85380,16873,16367,10478,5394,5084,18940,9599,9341,3822,1880,1942,275,123,152,0,20255318,9859,52
Washington,UT,171700,56.9,3.4,57069,85053,86647,44808,23173,21635,90048,44284,45764,36844,17596,19248,4288,1990,2298,32,1597463614,7033,0
Wayne,UT,2690,1.1,6,47175,1381,1309,657,331,326,1447,750,697,586,300,286,46,16,30,0,0,,
Weber,UT,256359,401.4,3.5,68106,129008,127351,72484,36895,35589,153978,78317,75661,29897,13796,16101,3339,1356,1983,64,5389139882,9889,136
Addison,VT,36973,48,2.6,68878,18469,18504,6235,3270,2965,23381,11721,11660,7357,3478,3879,807,291,516,0,1868236949,3621,94
Bennington,VT,35631,55,3.1,52510,17363,18268,6756,3532,3224,20713,10074,10639,8162,3757,4405,1145,444,701,10,1310190718,2931,54
Caledonia,VT,30302,48.1,3.3,50368,15166,15136,5844,3009,2835,18104,9134,8970,6354,3023,3331,703,265,438,4,1209128631,737,0
Chittenden,VT,164572,291.7,2.1,74240,80692,83880,29165,15101,14064,110734,55033,55701,24673,10558,14115,3442,1124,2318,46,4974930698,24827,1784
Essex,VT,6250,9.5,3.6,43671,3131,3119,1106,563,543,3546,1750,1796,1598,818,780,179,72,107,0,2766875,109,0
Franklin,VT,49421,75.3,2.5,61129,24611,24810,10949,5655,5294,30547,15229,15318,7925,3727,4198,833,287,546,0,2906385997,5197,242
Grand Isle,VT,7090,85.2,3.2,67746,3578,3512,1278,639,639,4337,2206,2131,1475,733,742,97,33,64,0,,217,0
Lamoille,VT,25300,53.3,3.5,60230,12657,12643,5134,2600,2534,15773,7938,7835,4393,2119,2274,449,162,287,0,866557214,1554,54
Orange,VT,28999,42.1,2.7,62300,14524,14475,5316,2800,2516,17534,8839,8695,6149,2885,3264,602,225,377,2,7,446,0
Orleans,VT,26907,39.3,4.4,48688,13501,13406,5206,2646,2560,15588,8001,7587,6113,2854,3259,695,227,468,5,126371412,570,0
Rutland,VT,58672,66.3,3.1,51723,28924,29748,10438,5375,5063,35279,17597,17682,12955,5952,7003,1495,503,992,13,5259354822,2706,46
Washington,VT,58140,86.6,2.6,61808,28773,29367,10926,5551,5375,35803,18028,17775,11411,5194,6217,1394,454,940,14,2803386629,2085,46
Windham,VT,42756,56.7,2.9,54441,20919,21837,7636,3914,3722,25363,12482,12881,9757,4523,5234,1142,421,721,0,2049358258,4023,132
Windsor,VT,55286,58.5,2.3,57438,26944,28342,9984,5049,4935,32417,15895,16522,12885,6000,6885,1438,545,893,0,2535761093,2558,128
Accomack,VA,32412,73.8,3.8,42879,15817,16595,6656,3457,3199,18118,8886,9232,7638,3474,4164,886,359,527,10,2934976484,21017,303
Albemarle,VA,108718,137.3,2.7,80392,51970,56748,21528,10932,10596,66942,32125,34817,20248,8913,11335,2866,1032,1834,12,3174800071,5945,190
Alleghany,VA,14910,36.5,3.8,46538,7291,7619,2770,1446,1324,8458,4167,4291,3682,1678,2004,434,136,298,10,1756828001,413,20
Amelia,VA,13013,35.7,3.2,57280,6416,6597,2664,1380,1284,7773,3868,3905,2576,1168,1408,289,86,203,0,0,933,41
Amherst,VA,31666,68.3,3.3,50580,15368,16298,6207,3206,3001,18758,9187,9571,6701,2975,3726,798,258,540,0,1149558158,934,4
Appomattox,VA,15841,44.9,3.6,51131,7692,8149,3350,1698,1652,9211,4490,4721,3280,1504,1776,343,117,226,0,0,979,0
Arlington,VA,237521,7993.5,2,120950,119009,118512,42959,22019,20940,169353,85528,83825,25209,11462,13747,3082,1173,1909,32,89,63892,2792
Augusta,VA,75457,76.3,2.7,60556,38274,37183,14362,7312,7050,45218,23508,21710,15877,7454,8423,1773,698,1075,12,0,2981,39
Bath,VA,4292,8.9,2.5,50564,2161,2131,650,316,334,2455,1252,1203,1187,593,594,147,76,71,0,0,,
Bedford,VA,78747,91.2,3.1,61186,38794,39953,15623,7981,7642,46335,22936,23399,16789,7877,8912,1679,675,1004,6,605524864,1740,35
Bland,VA,6293,19.1,3.2,47681,3445,2848,965,497,468,3881,2247,1634,1447,701,746,145,54,91,0,0,,
Botetourt,VA,33277,61.2,2.7,71874,16494,16783,6279,3186,3093,19429,9771,9658,7569,3537,4032,754,268,486,0,0,1600,133
Brunswick,VA,16384,30.8,4.9,41803,8773,7611,2674,1336,1338,10187,5860,4327,3523,1577,1946,388,128,260,0,0,834,17
Buchanan,VA,21221,47.9,5.5,32144,10735,10486,3662,1876,1786,12850,6760,6090,4709,2099,2610,388,133,255,12,0,753,0
Buckingham,VA,16999,29.6,4.4,45889,9364,7635,3000,1558,1442,10659,6276,4383,3340,1530,1810,339,117,222,0,214831298,11051,51
Campbell,VA,54973,108.8,3.3,51525,26723,28250,10628,5385,5243,33402,16510,16892,10943,4828,6115,1320,502,818,0,972056442,657,18
Caroline,VA,30772,54.1,3.5,67335,15214,15558,7079,3578,3501,18643,9374,9269,5050,2262,2788,534,186,348,0,619069417,1673,55
Carroll,VA,29636,63.3,3.6,41517,14676,14960,5384,2775,2609,16993,8544,8449,7259,3357,3902,776,270,506,0,5991990222,1629,12
Charles City,VA,6941,39.7,3.9,56872,3345,3596,1052,519,533,4181,2062,2119,1708,764,944,177,59,118,0,0,962,41
Charlotte,VA,11938,26.5,3.7,41382,5896,6042,2491,1306,1185,6793,3396,3397,2654,1194,1460,336,99,237,0,0,594,0
Chesterfield,VA,348556,747.1,2.9,80734,168039,180517,82795,42718,40077,213733,102189,111544,52028,23132,28896,4935,1729,3206,106,939545087,38549,1077
Clarke,VA,14523,79.7,2.9,84021,7238,7285,2888,1458,1430,8567,4333,4234,3068,1447,1621,327,122,205,0,0,694,0
Craig,VA,5064,15.7,3.5,50858,2508,2556,888,457,431,2991,1510,1481,1185,541,644,133,37,96,0,0,180,0
Culpeper,VA,51859,123.1,2.8,72111,25944,25915,12864,6455,6409,30836,15705,15131,8159,3784,4375,823,304,519,6,15,13994,161
Cumberland,VA,9809,33.8,3.3,46300,4736,5073,1900,954,946,5710,2780,2930,2199,1002,1197,217,77,140,0,0,883,0
Dickenson,VA,14523,48.1,5.2,35047,7360,7163,2871,1485,1386,8454,4411,4043,3198,1464,1734,320,102,218,0,0,,
Dinwiddie,VA,28529,55.6,3.5,57257,13941,14588,5686,2884,2802,17862,8805,9057,4981,2252,2729,496,172,324,0,0,1439,0
Essex,VA,10919,43.4,3.9,50785,5113,5806,2028,995,1033,6361,2993,3368,2530,1125,1405,273,98,175,7,0,987,0
Fairfax,VA,1150795,2766.8,2.4,122035,570871,579924,269162,137659,131503,726793,362301,364492,154840,70911,83929,17663,6690,10973,178,5653075078,277139,9893
Fauquier,VA,70675,100.7,2.6,93462,34991,35684,16513,8451,8062,42542,21135,21407,11620,5405,6215,1132,406,726,8,0,8079,156
Floyd,VA,15795,40.2,2.7,48315,7939,7856,3112,1623,1489,9079,4608,4471,3604,1708,1896,371,123,248,0,0,146,0
Fluvanna,VA,26783,89.8,2.5,73463,12252,14531,5277,2640,2637,16088,7152,8936,5418,2460,2958,542,220,322,0,696695207,3842,234
Franklin,VA,56195,81.3,3.1,53522,27672,28523,10779,5448,5331,32197,15973,16224,13219,6251,6968,1259,466,793,4,145592185,1360,21
Frederick,VA,88355,189.4,2.6,77684,44026,44329,20386,10453,9933,52705,26516,26189,15264,7057,8207,1711,677,1034,0,0,8598,83
Giles,VA,16844,48.6,3.3,50591,8297,8547,3486,1756,1730,9677,4845,4832,3681,1696,1985,408,115,293,0,0,245,0
Gloucester,VA,37349,169.2,2.7,70938,18376,18973,7479,3826,3653,22752,11267,11485,7118,3283,3835,751,266,485,7,0,1455,41
Goochland,VA,23244,77.2,3,89331,11401,11843,4119,2100,2019,13934,6808,7126,5191,2493,2698,512,214,298,0,0,4010,199
Grayson,VA,15631,35.1,3.1,37550,8047,7584,2612,1310,1302,9187,4974,4213,3832,1763,2069,464,155,309,0,0,572,0
Greene,VA,19779,117.8,2.5,67498,9632,10147,4731,2380,2351,11616,5711,5905,3432,1541,1891,311,106,205,0,381461757,774,41
Greensville,VA,11627,41.5,3.7,43533,7285,4342,2016,1061,955,7856,5420,2436,1755,804,951,160,67,93,0,0,2104,263
Halifax,VA,34120,44.3,4.1,43096,16355,17765,6921,3484,3437,18886,9297,9589,8313,3574,4739,1026,291,735,12,0,1042,0
Hanover,VA,107239,213.1,2.6,91028,52476,54763,23572,12184,11388,64635,31751,32884,19032,8541,10491,2233,778,1455,24,260327294,8555,623
Henrico,VA,329261,1313.4,3,68581,156230,173031,74272,38127,36145,203944,97111,106833,51045,20992,30053,6985,2231,4754,53,2400907718,53885,5122
Henry,VA,50953,141.6,3.7,36471,24528,26425,9895,5085,4810,28880,14131,14749,12178,5312,6866,1560,544,1016,0,0,1705,62
Highland,VA,2210,5.6,2.7,45089,1100,1110,290,140,150,1160,584,576,760,376,384,72,24,48,0,0,85,0
Isle of Wight,VA,36953,111.8,3,72993,18094,18859,7681,3895,3786,22197,11021,11176,7075,3178,3897,778,250,528,0,309026408,5279,108
James City,VA,76397,470.4,2.9,86541,36921,39476,15282,7759,7523,41814,20386,21428,19301,8776,10525,2327,921,1406,26,,10285,683
King and Queen,VA,7042,22,3,51124,3567,3475,1236,618,618,4194,2194,2000,1612,755,857,196,67,129,0,0,247,4
King George,VA,26575,131.3,2.9,86619,13459,13116,6621,3398,3223,16478,8412,8066,3476,1649,1827,341,128,213,0,0,1979,162
King William,VA,16939,58.2,2.9,68724,8291,8648,3909,2010,1899,10302,5061,5241,2728,1220,1508,244,81,163,0,0,568,13
Lancaster,VA,10783,85.5,4.3,52814,5083,5700,1723,908,815,5164,2418,2746,3896,1757,2139,597,206,391,0,0,261,0
Lee,VA,23541,58.8,4.1,34796,12237,11304,4412,2303,2109,14103,7600,6503,5026,2334,2692,455,175,280,0,0,488,0
Loudoun,VA,406850,605.8,2.5,140382,201469,205381,115028,58412,56616,254020,126295,127725,37802,16762,21040,4269,1641,2628,33,2457237715,59311,1430
Louisa,VA,36778,66.8,2.7,63714,18169,18609,7407,3747,3660,22087,10933,11154,7284,3489,3795,642,264,378,0,0,2760,10
Lunenburg,VA,12086,29.9,3.2,41421,6400,5686,2243,1171,1072,7146,4010,3136,2697,1219,1478,280,88,192,0,0,292,0
Madison,VA,13295,41.5,2.4,60450,6416,6879,2706,1327,1379,7630,3738,3892,2959,1351,1608,338,133,205,0,409041205,1049,28
Mathews,VA,8802,104.5,3,61764,4235,4567,1360,671,689,4708,2303,2405,2734,1261,1473,301,121,180,0,0,242,0
Mecklenburg,VA,30650,52.3,4.1,44832,14885,15765,5681,2879,2802,17111,8491,8620,7858,3515,4343,884,314,570,10,0,6551,536
Middlesex,VA,10769,84.1,2.6,54871,5243,5526,1764,895,869,5652,2805,2847,3353,1543,1810,402,158,244,0,0,412,0
Montgomery,VA,98985,243.9,2.9,52538,51452,47533,15305,7876,7429,71205,38005,33200,12475,5571,6904,1511,527,984,22,4986358282,3011,37
Nelson,VA,14836,31.9,3.1,56690,7170,7666,2632,1325,1307,8151,3969,4182,4053,1876,2177,348,110,238,0,164375245,527,0
New Kent,VA,22391,87.9,2.7,90858,11450,10941,4489,2322,2167,14042,7272,6770,3860,1856,2004,265,92,173,0,0,1318,45
Northampton,VA,11735,58.5,5.4,43157,5603,6132,2301,1200,1101,6336,3040,3296,3098,1363,1735,426,142,284,0,0,5984,301
Northumberland,VA,12147,64.5,4.4,55418,5956,6191,1764,943,821,5927,2858,3069,4456,2155,2301,500,228,272,0,0,657,25
Nottoway,VA,15420,50.4,3.1,46368,8338,7082,2947,1469,1478,9514,5552,3962,2959,1317,1642,367,133,234,0,0,720,0
Orange,VA,36644,98.2,3,63681,17877,18767,7722,3852,3870,21458,10687,10771,7464,3338,4126,815,321,494,0,0,2402,3
Page,VA,23933,77.3,4.2,49073,11830,12103,4757,2402,2355,14063,7044,7019,5113,2384,2729,544,199,345,0,0,5569,446
Patrick,VA,17673,38.3,3.9,42862,8730,8943,3078,1561,1517,9928,5024,4904,4667,2145,2522,484,152,332,0,0,278,0
Pittsylvania,VA,60949,65.5,3.6,44710,30048,30901,11523,5804,5719,35636,18016,17620,13790,6228,7562,1465,487,978,0,0,930,41
Powhatan,VA,29189,107.8,2.7,88475,15130,14059,5323,2795,2528,18542,9775,8767,5324,2560,2764,439,164,275,0,0,928,0
Prince Edward,VA,22950,66.8,3.8,48450,11491,11459,3767,1938,1829,15404,7927,7477,3779,1626,2153,588,192,396,8,0,3188,92
Prince George,VA,38082,134.7,3.6,68133,20584,17498,8222,4190,4032,24513,13908,10605,5347,2486,2861,562,207,355,0,1,2554,0
Prince William,VA,468011,1195,2.7,106200,233996,234015,127210,65575,61635,294482,147664,146818,46319,20757,25562,4035,1386,2649,24,2502908609,131593,2274
Pulaski,VA,34066,109,3.5,50834,17016,17050,6007,3032,2975,20245,10494,9751,7814,3490,4324,817,274,543,8,79352061,503,0
Rappahannock,VA,7252,27.7,2.7,71035,3559,3693,1178,591,587,4093,2010,2083,1981,958,1023,200,86,114,0,0,347,0
Richmond,VA,9038,48.3,3.1,49399,5084,3954,1553,785,768,5584,3522,2062,1901,777,1124,293,74,219,0,7694455542,7925,94
Roanoke,VA,94073,368.7,2.7,68734,45334,48739,18648,9679,8969,55274,27031,28243,20151,8624,11527,2677,862,1815,0,3655236239,3116,84
Rockbridge,VA,22752,37.3,3,53413,11270,11482,3985,2049,1936,12858,6374,6484,5909,2847,3062,735,320,415,0,559239198,487,0
Rockingham,VA,81244,89.9,2.6,61375,39975,41269,17785,9143,8642,47987,23748,24239,15472,7084,8388,2076,760,1316,0,127430901,14768,113
Russell,VA,26748,61,4.3,38966,13083,13665,5052,2529,2523,15923,7949,7974,5773,2605,3168,562,209,353,5,0,259,0
Scott,VA,21534,43.3,3.2,40161,10829,10705,3831,1940,1891,12492,6461,6031,5211,2428,2783,597,241,356,0,0,312,65
Shenandoah,VA,43497,82.5,2.8,55283,21277,22220,9220,4669,4551,24834,12309,12525,9443,4299,5144,1110,382,728,0,0,10237,344
Smyth,VA,30472,71.4,4,40972,14944,15528,5857,3012,2845,17909,8993,8916,6706,2939,3767,836,289,547,4,0,720,0
Southampton,VA,17586,31,2.8,52741,9142,8444,3197,1617,1580,10833,5860,4973,3556,1665,1891,390,136,254,0,0,5170,60
Spotsylvania,VA,134238,304.9,3,86695,65903,68335,33164,16929,16235,81945,40416,41529,19129,8558,10571,2062,747,1315,12,469437834,11987,171
Stafford,VA,149960,479.5,3,108421,75624,74336,39088,20008,19080,95198,48445,46753,15674,7171,8503,1393,558,835,4,1434285919,18183,131
Surry,VA,6474,25.3,3.5,54663,3198,3276,1084,567,517,3922,1942,1980,1468,689,779,150,52,98,0,113392368,283,41
Sussex,VA,11237,24.7,4.9,43031,6658,4579,1732,846,886,7509,4913,2596,1996,899,1097,236,98,138,0,488262859,2824,45
Tazewell,VA,40855,86.9,4.4,42074,20225,20630,7883,3913,3970,23882,12264,11618,9090,4048,5042,1086,349,737,12,0,315,0
Warren,VA,40003,176,3.1,65635,19939,20064,8799,4483,4316,24784,12495,12289,6420,2961,3459,624,211,413,8,0,3716,41
Washington,VA,54402,97.8,3.4,45510,26798,27604,10061,5143,4918,31967,15996,15971,12374,5659,6715,1245,427,818,14,0,2136,136
Westmoreland,VA,17830,76.1,3.6,51414,8700,9130,3363,1747,1616,9947,4893,5054,4520,2060,2460,444,177,267,0,0,1611,4
Wise,VA,38012,102.8,5,38045,19779,18233,7477,3757,3720,23604,12850,10754,6931,3172,3759,672,244,428,8,0,1087,70
Wythe,VA,28754,63.3,3.7,46345,14037,14717,5672,2900,2772,16869,8343,8526,6213,2794,3419,683,218,465,6,0,710,41
York,VA,67846,624.8,2.8,86317,33273,34573,16156,8093,8063,40733,20219,20514,10957,4961,5996,1218,430,788,0,578236467,2984,96
Alexandria city,VA,160530,9314.3,2.2,99425,77269,83261,29434,15138,14296,112631,54213,58418,18465,7918,10547,2282,740,1542,40,86,53787,1255
Bristol city,VA,16482,1370.6,3.7,36903,7811,8671,3323,1677,1646,9683,4797,4886,3476,1337,2139,419,106,313,0,25,128,0
Buena Vista city,VA,6237,992,3.1,43390,2928,3309,1088,543,545,3930,1885,2045,1219,500,719,142,43,99,0,13,414,0
Charlottesville city,VA,48117,4246.3,2.5,56997,23316,24801,7675,3954,3721,34862,16985,17877,5580,2377,3203,585,206,379,25,69,3496,105
Chesapeake city,VA,242634,652,3,78846,118401,124233,58443,29751,28692,151956,74663,77293,32235,13987,18248,3404,1162,2242,28,2,16024,429
Colonial Heights city,VA,17833,2315.3,3.3,56800,8165,9668,4299,2097,2202,10039,4706,5333,3495,1362,2133,555,167,388,0,7,2885,282
Covington city,VA,5460,1090.1,4.6,40504,2637,2823,982,498,484,3318,1659,1659,1160,480,680,134,38,96,0,13,55,0
Danville city,VA,40693,1002.8,5.1,36015,18720,21973,8821,4457,4364,23354,10942,12412,8518,3321,5197,1336,355,981,34,1,2036,51
Emporia city,VA,5121,859.8,4.7,36908,2370,2751,1082,559,523,3003,1387,1616,1036,424,612,207,60,147,7,0,1940,120
Fairfax city,VA,24574,3616.6,2.3,105532,12216,12358,6141,3228,2913,14919,7516,7403,3514,1472,2042,493,143,350,0,,1729,120
Falls Church city,VA,14772,6169.8,2.1,137551,7251,7521,3909,2038,1871,8909,4385,4524,1954,828,1126,208,67,141,0,86,1598,165
Franklin city,VA,8013,1045.8,4.4,37327,3616,4397,1897,982,915,4537,1987,2550,1579,647,932,221,61,160,8,,1232,36
Fredericksburg city,VA,29144,2326.2,3.5,58448,13450,15694,6097,3097,3000,19797,9013,10784,3250,1340,1910,386,117,269,26,43,3212,0
Galax city,VA,6423,854.7,3.5,36571,2979,3444,1403,699,704,3726,1795,1931,1294,485,809,261,71,190,10,0,2104,0
Hampton city,VA,134313,2673.2,4,54763,64558,69755,28086,14446,13640,85482,41428,44054,20745,8684,12061,2376,792,1584,24,48,7097,109
Harrisonburg city,VA,54033,2808.2,3.5,42640,25987,28046,9180,4641,4539,39769,19155,20614,5084,2191,2893,821,264,557,34,53,25046,711
Hopewell city,VA,22596,2197.9,4.8,42568,10536,12060,5867,2992,2875,13183,6134,7049,3546,1410,2136,441,118,323,17,16,2088,0
Lexington city,VA,7136,2820.3,4.7,48726,4008,3128,669,354,315,5311,3196,2115,1156,458,698,194,48,146,0,16,256,0
Lynchburg city,VA,82126,1538.2,4,43200,38521,43605,15946,8112,7834,54357,25597,28760,11823,4812,7011,1983,633,1350,49,36,3234,41
Manassas city,VA,41641,3827.8,2.7,79141,20875,20766,11234,5829,5405,26087,13110,12977,4320,1936,2384,410,121,289,11,4,20928,170
Manassas Park city,VA,17307,5633.1,2.7,77032,8910,8397,3918,2085,1833,12005,6217,5788,1384,608,776,131,51,80,0,33,6287,112
Martinsville city,VA,12902,1261.5,4.6,33892,5976,6926,3194,1628,1566,7266,3392,3874,2442,956,1486,306,59,247,0,0,,
Newport News city,VA,178626,2630,3.6,50283,86229,92397,41279,21111,20168,114006,55598,58408,23341,9520,13821,2946,931,2015,88,47,8559,398
Norfolk city,VA,244076,4486.3,3.6,48519,127235,116841,47785,24255,23530,168957,91495,77462,27334,11485,15849,3508,1195,2313,113,61,14125,210
Norton city,VA,3968,529.1,3.9,34442,1859,2109,793,387,406,2435,1200,1235,740,272,468,94,26,68,11,0,82,0
Petersburg city,VA,31567,1413.8,6.1,37049,14508,17059,7133,3654,3479,19079,8820,10259,5355,2034,3321,723,178,545,28,34,2673,87
Poquoson city,VA,12190,793.3,2.7,96057,6096,6094,2699,1398,1301,7131,3598,3533,2360,1100,1260,230,82,148,0,0,381,0
Portsmouth city,VA,94632,2838.9,4.1,47343,45452,49180,22052,11113,10939,58452,28545,29907,14128,5794,8334,1763,569,1194,22,39,9214,381
Radford city,VA,18339,1662.2,3.7,39254,8619,9720,2285,1150,1135,14382,6747,7635,1672,722,950,227,74,153,0,43,175,0
Richmond city,VA,228783,3414.7,3.5,48747,108456,120327,40064,20184,19880,158547,75642,82905,30172,12630,17542,4164,1381,2783,159,,29225,791
Roanoke city,VA,99920,2279.8,3.2,42715,47891,52029,22537,11524,11013,60863,29739,31124,16520,6628,9892,2389,713,1676,71,,4386,147
Salem city,VA,25643,1718,2.9,57274,12201,13442,5115,2622,2493,15692,7578,8114,4836,2001,2835,658,204,454,36,23,1128,30
Staunton city,VA,24922,1188.8,2.9,47319,11435,13487,4835,2481,2354,14780,6745,8035,5307,2209,3098,738,220,518,0,4,961,0
Suffolk city,VA,91185,211.4,3.2,69753,44173,47012,22132,11355,10777,55889,27057,28832,13164,5761,7403,1487,468,1019,12,2,10073,763
Virginia Beach city,VA,450189,1758.9,2.9,76520,221065,229124,99573,50974,48599,286612,142574,144038,64004,27517,36487,7632,2705,4927,50,32,24878,729
Waynesboro city,VA,22628,1396.8,3.2,47117,10802,11826,5346,2732,2614,13220,6367,6853,4062,1703,2359,541,176,365,0,0,1027,0
Williamsburg city,VA,14896,1559.3,4,52845,6853,8043,1712,847,865,10752,4916,5836,2432,1090,1342,280,109,171,0,47,1712,126
Winchester city,VA,28108,2838.1,2.9,51456,13689,14419,6354,3289,3065,17288,8437,8851,4466,1963,2503,570,214,356,48,2,3689,23
Adams,WA,19759,9.7,5.4,52012,10009,9750,7004,3583,3421,10570,5357,5213,2185,1069,1116,242,110,132,0,0,2728,0
Asotin,WA,22610,34,4.4,49776,11023,11587,4588,2310,2278,12750,6222,6528,5272,2491,2781,653,287,366,0,279591623,841,76
Benton,WA,201877,103,5.2,69212,101150,100727,54000,27738,26262,117780,59357,58423,30097,14055,16042,3357,1228,2129,44,4445458208,32160,2627
Chelan,WA,77036,24.8,4.5,57243,38521,38515,18022,9349,8673,44318,22242,22076,14696,6930,7766,1846,688,1158,20,5525784048,7680,384
Clallam,WA,76737,41.1,6.4,57183,37842,38895,13055,6692,6363,40962,20550,20412,22720,10600,12120,2653,1057,1596,19,3535901968,1089,0
Clark,WA,481857,676.2,4.8,73971,238118,243739,115356,58874,56482,291971,145326,146645,74530,33918,40612,7539,2716,4823,90,4049099978,21217,1248
Columbia,WA,4059,4.7,5.6,53700,1982,2077,765,390,375,2163,1050,1113,1131,542,589,133,51,82,0,0,81,0
Cowlitz,WA,108987,89.8,5.9,58624,53938,55049,25037,12671,12366,63324,31644,31680,20626,9623,11003,2236,839,1397,18,2983604116,2977,0
Douglas,WA,42907,21.1,5.3,65912,21740,21167,11064,5705,5359,24305,12519,11786,7538,3516,4022,866,312,554,0,3964294937,5048,94
Ferry,WA,7649,3.4,11.7,40468,3909,3740,1333,712,621,4234,2131,2103,2082,1066,1016,176,62,114,0,0,68,0
Franklin,WA,94347,62.9,6.1,60483,48752,45595,30524,15363,15161,55129,29227,25902,8694,4162,4532,796,316,480,0,4804670976,21825,613
Garfield,WA,2247,3.2,5.8,50185,1099,1148,478,244,234,1198,582,616,571,273,298,85,35,50,0,0,,
Grant,WA,97331,33.3,6.2,53688,49539,47792,28591,14503,14088,55391,28626,26765,13349,6410,6939,1514,596,918,0,1983363547,10917,125
Grays Harbor,WA,73901,38.3,6.7,48763,37819,36082,15108,7649,7459,42825,22481,20344,15968,7689,8279,1580,631,949,0,118229118,748,0
Island,WA,84460,376.6,5.2,65987,42115,42345,15319,7769,7550,48378,24671,23707,20763,9675,11088,2060,837,1223,6,269116062,10995,535
Jefferson,WA,31729,16.6,5.8,55893,15528,16201,3754,1882,1872,16282,7957,8325,11693,5689,6004,1028,438,590,6,3350331602,1845,0
King,WA,2233163,912.9,3.5,94822,1121104,1112059,452859,230557,222302,1485194,759418,725776,295110,131129,163981,38366,13479,24887,450,6089137474,390280,27392
Kitsap,WA,269805,635.9,4.6,76530,137982,131823,55252,28284,26968,166459,87355,79104,48094,22343,25751,4992,1825,3167,20,3230331744,9203,103
Kittitas,WA,47364,17.8,5.3,55624,23889,23475,8096,4092,4004,31676,16047,15629,7592,3750,3842,781,307,474,6,621948845,2003,0
Klickitat,WA,22107,10.9,5.7,56503,11157,10950,4279,2203,2076,12546,6323,6223,5282,2631,2651,469,162,307,0,358744686,1159,157
Lewis,WA,79604,31.4,6.3,57019,39780,39824,17018,8767,8251,45881,22995,22886,16705,8018,8687,1728,672,1056,6,718329756,1690,151
Lincoln,WA,10740,4.6,4.9,53326,5492,5248,2328,1214,1114,5666,2903,2763,2746,1375,1371,342,127,215,0,0,129,0
Mason,WA,65507,63.3,6.3,58239,34046,31461,12729,6695,6034,37842,20140,17702,14936,7211,7725,1303,529,774,6,2351007097,1545,36
Okanogan,WA,42132,7.8,6.4,48345,21211,20921,9769,5033,4736,23269,11649,11620,9094,4529,4565,882,323,559,0,590059877,1562,66
Pacific,WA,22036,22.4,6.9,46365,11003,11033,3512,1823,1689,11761,5902,5859,6763,3278,3485,614,258,356,0,1688408557,295,20
Pend Oreille,WA,13602,9.3,7.2,49750,6922,6680,2640,1358,1282,7427,3758,3669,3535,1806,1729,302,117,185,0,0,115,0
Pierce,WA,891299,476.3,5.2,75022,443333,447966,209270,106975,102295,558894,281367,277527,123135,54991,68144,13798,4851,8947,189,3291786801,87776,2935
San Juan,WA,17128,90.7,3.9,62249,8286,8842,2225,1107,1118,9064,4364,4700,5839,2815,3024,501,193,308,0,33,854,0
Skagit,WA,128206,67.5,5.2,70955,63544,64662,27977,14373,13604,73638,36829,36809,26591,12342,14249,3028,1228,1800,18,4125011127,20231,671
Skamania,WA,11924,6.7,5.6,64344,6061,5863,2209,1148,1061,7208,3613,3595,2507,1300,1207,262,108,154,0,657698485,173,0
Snohomish,WA,814901,341.8,3.8,87096,408857,406044,184547,94945,89602,520586,264672,255914,109768,49240,60528,12029,4217,7812,72,4413651623,164392,6510
Spokane,WA,514631,267.2,5.2,59408,255193,259438,114051,58577,55474,317301,159024,158277,83279,37592,45687,9870,3471,6399,113,5329192754,22947,1361
Stevens,WA,45260,17.6,7.1,51183,22589,22671,9761,5004,4757,24957,12313,12644,10542,5272,5270,949,371,578,0,32322376,536,49
Thurston,WA,286419,349.4,4.8,72400,140136,146283,61378,31521,29857,175527,86458,89069,49514,22157,27357,5302,1841,3461,72,4297388631,6741,60
Wahkiakum,WA,4426,15.1,6.5,55692,2222,2204,765,393,372,2237,1120,1117,1424,709,715,132,50,82,0,0,160,0
Walla Walla,WA,60922,46.3,4.7,57329,31138,29784,12779,6582,6197,37145,19537,17608,10998,5019,5979,1654,579,1075,28,4000252708,4189,46
Whatcom,WA,225685,95.5,4.7,62262,111688,113997,43910,22731,21179,142617,70903,71714,39158,18054,21104,4223,1587,2636,24,4521725708,19397,1768
Whitman,WA,49791,20.7,4.3,45389,25408,24383,7453,3801,3652,37157,19156,18001,5181,2451,2730,684,273,411,6,0,1001,0
Yakima,WA,251446,56.6,6.3,51377,125786,125660,74480,38160,36320,142442,71732,70710,34524,15894,18630,4408,1653,2755,52,3253267909,94863,3113
Barbour,WV,16535,48.6,6,39776,8049,8486,3259,1673,1586,9943,4813,5130,3333,1563,1770,365,123,242,0,,338,39
Berkeley,WV,117123,324.4,4.1,59619,58095,59028,27230,13863,13367,72718,36207,36511,17175,8025,9150,1396,569,827,20,,9903,170
Boone,WV,21951,49.1,6.1,38110,10937,11014,4684,2448,2236,12864,6457,6407,4403,2032,2371,382,128,254,0,,297,0
Braxton,WV,14089,28.4,7,39292,7122,6967,2736,1394,1342,8123,4171,3952,3230,1557,1673,339,120,219,0,,91,0
Brooke,WV,22203,269.8,6.1,48342,10902,11301,3930,2035,1895,12983,6526,6457,5290,2341,2949,677,226,451,0,,168,0
Cabell,WV,93224,342.8,4.7,39790,45585,47639,18395,9612,8783,57287,28394,28893,17542,7579,9963,2167,726,1441,88,,2428,0
Calhoun,WV,7254,27.3,10.4,36384,3617,3637,1368,671,697,4107,2063,2044,1779,883,896,192,74,118,0,,51,0
Clay,WV,8632,27.5,8.4,35983,4360,4272,1909,1008,901,4947,2481,2466,1776,871,905,190,70,120,0,,54,0
Doddridge,WV,8406,25.7,4,44725,4625,3781,1313,703,610,5272,2999,2273,1821,923,898,177,90,87,0,,,
Fayette,WV,43018,69.6,6.4,37867,21658,21360,8897,4536,4361,25069,13027,12042,9052,4095,4957,1012,302,710,3,,1223,48
Gilmer,WV,8026,25.7,6.3,38173,4798,3228,1150,618,532,5471,3514,1957,1405,666,739,213,76,137,0,,238,0
Grant,WV,11626,25,5.7,42146,5796,5830,2257,1149,1108,6532,3319,3213,2837,1328,1509,326,126,200,3,,210,0
Greenbrier,WV,34786,34.8,5.1,37665,17035,17751,6747,3430,3317,19940,9896,10044,8099,3709,4390,940,340,600,12,,352,0
Hampshire,WV,23347,37.4,4.2,44442,11915,11432,4366,2289,2077,13752,7035,6717,5229,2591,2638,492,201,291,0,,560,43
Hancock,WV,29094,371.3,5.9,47299,14177,14917,5507,2829,2678,16865,8422,8443,6722,2926,3796,928,298,630,10,,644,0
Hardy,WV,13775,24.1,5.5,43573,6932,6843,2807,1444,1363,7953,4039,3914,3015,1449,1566,254,89,165,0,,852,0
Harrison,WV,67554,166.1,4.5,47942,33182,34372,14434,7518,6916,39980,19912,20068,13140,5752,7388,1666,548,1118,20,,1962,56
Jackson,WV,28706,62.9,4,48731,14266,14440,6109,3205,2904,16741,8387,8354,5856,2674,3182,680,259,421,0,,6089,637
Jefferson,WV,56811,255.2,3.3,75027,28187,28624,12638,6511,6127,34975,17392,17583,9198,4284,4914,812,304,508,5,,5154,34
Kanawha,WV,180454,214.1,5.2,41926,86916,93538,36012,18234,17778,107170,52479,54691,37272,16203,21069,4459,1534,2925,156,,9265,479
Lewis,WV,16024,42.5,5.7,40691,7966,8058,3403,1736,1667,9315,4714,4601,3306,1516,1790,330,133,197,6,,209,10
Lincoln,WV,20599,49.7,6.9,39766,10205,10394,4539,2302,2237,12045,6031,6014,4015,1872,2143,350,133,217,0,,155,0
Logan,WV,32607,81,7,34894,16105,16502,6677,3408,3269,19329,9729,9600,6601,2968,3633,582,215,367,12,,713,50
McDowell,WV,18223,41.5,9.4,27292,8917,9306,3735,1895,1840,10524,5202,5322,3964,1820,2144,419,147,272,7,,317,0
Marion,WV,56097,182.7,5.7,46244,27692,28405,11260,5788,5472,33874,16994,16880,10963,4910,6053,1335,462,873,14,,2527,112
Marshall,WV,30785,108.4,5.8,50064,15262,15523,5950,3029,2921,17949,9118,8831,6886,3115,3771,775,280,495,9,,973,0
Mason,WV,26718,63.4,7,43050,12925,13793,5584,2908,2676,15551,7476,8075,5583,2541,3042,645,226,419,5,,709,0
Mercer,WV,59131,148.6,6.3,37860,28395,30736,12199,6248,5951,33926,16418,17508,13006,5729,7277,1525,470,1055,29,,612,0
Mineral,WV,26940,86.1,5.5,48578,13403,13537,5362,2790,2572,15737,7916,7821,5841,2697,3144,517,203,314,4,,1124,7
Mingo,WV,23785,63.4,7.6,32917,11724,12061,5285,2736,2549,13998,6878,7120,4502,2110,2392,373,136,237,6,,144,47
Monongalia,WV,106420,267.1,4.1,51070,54938,51482,17326,8990,8336,75646,39776,35870,13448,6172,7276,1636,546,1090,119,,6181,242
Monroe,WV,13280,28.6,4.8,38171,6638,6642,2620,1361,1259,7341,3724,3617,3319,1553,1766,368,141,227,0,,265,0
Morgan,WV,17787,76.6,4.3,49487,8914,8873,3185,1656,1529,10495,5311,5184,4107,1947,2160,376,146,230,0,,694,0
Nicholas,WV,24842,40.6,6.4,38572,12215,12627,5113,2606,2507,14176,6975,7201,5553,2634,2919,517,184,333,0,,352,21
Ohio,WV,41755,420,4.6,48689,20148,21607,7937,4017,3920,24713,12265,12448,9105,3866,5239,1433,416,1017,37,,1824,49
Pendleton,WV,6997,11.1,3.8,40415,3539,3458,1286,652,634,3817,1977,1840,1894,910,984,286,140,146,0,,246,0
Pleasants,WV,7507,58.5,6.4,50768,4083,3424,1397,742,655,4674,2657,2017,1436,684,752,143,41,102,0,,130,0
Pocahontas,WV,8414,9.3,6.2,39467,4313,4101,1466,728,738,4826,2556,2270,2122,1029,1093,221,67,154,0,,308,0
Preston,WV,33839,51.7,5.2,47101,17367,16472,6475,3335,3140,20586,10868,9718,6778,3164,3614,673,238,435,0,,775,8
Putnam,WV,56682,160.5,4.9,61995,27871,28811,12619,6468,6151,33675,16728,16947,10388,4675,5713,959,327,632,0,,1348,3
Raleigh,WV,74254,130.3,5.3,41298,37223,37031,15460,7875,7585,43477,22436,21041,15317,6912,8405,1825,619,1206,43,,574,0
Randolph,WV,28823,28.3,5.5,40064,14916,13907,5425,2786,2639,17091,9204,7887,6307,2926,3381,727,250,477,0,,1059,0
Ritchie,WV,9721,23.1,5.3,43717,4862,4859,1943,997,946,5583,2830,2753,2195,1035,1160,241,87,154,0,,29,0
Roane,WV,13932,30.9,7.9,36658,6874,7058,2879,1413,1466,7999,4030,3969,3054,1431,1623,319,102,217,0,,340,0
Summers,WV,12760,38.6,6.1,34768,5759,7001,2127,1023,1104,7456,3236,4220,3177,1500,1677,365,143,222,0,,54,0
Taylor,WV,16862,97.8,4.8,46370,8556,8306,3398,1753,1645,10053,5233,4820,3411,1570,1841,400,141,259,0,,357,0
Tucker,WV,6955,17,5.5,48070,3554,3401,1077,589,488,4057,2070,1987,1821,895,926,195,78,117,0,,259,0
Tyler,WV,8746,35.9,7.4,46054,4398,4348,1718,891,827,5047,2539,2508,1981,968,1013,234,101,133,0,,159,0
Upshur,WV,24415,68.4,5.7,41213,12106,12309,5020,2558,2462,14429,7180,7249,4966,2368,2598,502,185,317,4,,275,0
Wayne,WV,39944,84,6,38704,19527,20417,8178,4157,4021,23352,11494,11858,8414,3876,4538,952,363,589,0,,4331,326
Webster,WV,8285,16.5,6.3,34054,4145,4140,1657,843,814,4704,2375,2329,1924,927,997,204,69,135,0,,,
Wetzel,WV,15270,46.3,7.2,44685,7498,7772,3032,1539,1493,8718,4367,4351,3520,1592,1928,413,129,284,5,,277,0
Wirt,WV,5830,24.6,7,44837,2969,2861,1242,658,584,3408,1695,1713,1180,616,564,93,32,61,0,,167,0
Wood,WV,84203,237.4,5.5,45278,40905,43298,17621,9013,8608,49373,24323,25050,17209,7569,9640,1910,640,1270,36,,2169,87
Wyoming,WV,20786,47.6,7.1,35460,10274,10512,4217,2161,2056,12158,6025,6133,4411,2088,2323,390,144,246,0,,86,0
Adams,WI,20348,32.3,4.7,43000,10925,9423,2949,1511,1438,11476,6440,5036,5923,2974,2949,519,226,293,0,0,210,48
Ashland,WI,15600,15.5,4.3,44627,7818,7782,3409,1764,1645,9136,4620,4516,3055,1434,1621,370,112,258,0,197743358,112,0
Barron,WI,45164,53.2,3.4,50344,22628,22536,9739,4939,4800,25517,13109,12408,9908,4580,5328,1243,420,823,5,0,491,0
Bayfield,WI,15042,10.2,4.9,53637,7660,7382,2574,1335,1239,8299,4195,4104,4169,2130,2039,395,191,204,0,1317289545,201,44
Brown,WI,263378,468.2,2.7,62097,130577,132801,62704,31829,30875,161541,81150,80391,39133,17598,21535,4741,1648,3093,60,2978326448,69882,725
Buffalo,WI,13125,20.2,3.4,59087,6677,6448,2731,1342,1389,7492,3870,3622,2902,1465,1437,346,144,202,0,0,253,57
Burnett,WI,15392,18.8,4.6,55295,7884,7508,2731,1478,1253,8265,4181,4084,4396,2225,2171,451,194,257,0,0,19,18
Calumet,WI,50159,153.9,2.6,72645,25262,24897,11959,6146,5813,30629,15554,15075,7571,3562,4009,831,331,500,0,191293371,1721,22
Chippewa,WI,64135,61.9,3.3,59528,33239,30896,14148,7221,6927,38462,20633,17829,11525,5385,6140,1431,502,929,6,8808951,1783,0
Clark,WI,34709,28.7,2.9,55245,17523,17186,10223,5198,5025,18725,9631,9094,5761,2694,3067,861,291,570,0,0,1184,146
Columbia,WI,57358,74.2,2.7,65435,29321,28037,12182,6266,5916,34926,18218,16708,10250,4837,5413,1198,404,794,10,715183349,1904,56
Crawford,WI,16291,29.2,3.7,49200,8461,7830,3320,1713,1607,9185,4890,4295,3786,1858,1928,462,185,277,0,0,658,0
Dane,WI,542364,407.7,2.2,71789,269692,272672,110624,56665,53959,357307,179698,177609,74433,33329,41104,9224,3150,6074,39,463687925,28477,1208
Dodge,WI,87847,101.4,2.6,63608,46444,41403,17436,8962,8474,54914,30397,24517,15497,7085,8412,2192,752,1440,10,0,3859,50
Door,WI,27610,57.6,3.6,61221,13625,13985,4489,2289,2200,14906,7474,7432,8215,3862,4353,906,321,585,4,0,1101,111
Douglas,WI,43208,33.9,4,50637,21627,21581,8507,4366,4141,26662,13382,13280,8039,3879,4160,961,345,616,0,3624306117,693,0
Dunn,WI,45131,51.6,3.1,57506,22651,22480,8872,4554,4318,29182,14869,14313,7077,3228,3849,987,314,673,0,0,816,0
Eau Claire,WI,104534,154.8,2.6,60111,51647,52887,21327,11054,10273,66833,33212,33621,16374,7381,8993,2097,708,1389,48,3717702746,2891,0
Florence,WI,4321,9.1,3.9,53188,2226,2095,639,349,290,2557,1306,1251,1125,571,554,118,48,70,0,0,113,0
Fond du Lac,WI,103066,141.2,2.6,59428,50694,52372,22030,11154,10876,61953,30976,30977,19083,8564,10519,2711,850,1861,15,2177785321,5976,201
Forest,WI,8991,9.2,4.8,45156,4556,4435,1751,906,845,5176,2637,2539,2064,1013,1051,246,100,146,0,0,278,6
Grant,WI,51554,44.7,2.8,57328,26737,24817,10762,5463,5299,31897,17286,14611,8895,3988,4907,1319,417,902,0,1881399,2686,342
Green,WI,36929,63.1,2.6,63160,18350,18579,8155,4125,4030,21863,11038,10825,6911,3187,3724,983,332,651,6,0,1548,0
Green Lake,WI,18918,54.5,3.3,55512,9506,9412,4243,2142,2101,10474,5384,5090,4201,1980,2221,503,183,320,5,0,344,0
Iowa,WI,23771,31.1,2.6,68017,11904,11867,5445,2745,2700,13868,7001,6867,4458,2158,2300,493,182,311,0,0,511,0
Iron,WI,5676,7.8,5.8,44130,2857,2819,876,449,427,3048,1555,1493,1752,853,899,267,99,168,0,0,117,66
Jackson,WI,20478,20.7,3.1,52919,10969,9509,4457,2309,2148,12136,6768,5368,3885,1892,1993,429,164,265,0,0,711,49
Jefferson,WI,85129,150.4,2.9,65831,42546,42583,17958,9232,8726,52735,26624,26111,14436,6690,7746,1558,563,995,4,0,2886,56
Juneau,WI,26617,34.8,3.1,52891,14165,12452,5382,2767,2615,15845,8795,7050,5390,2603,2787,590,211,379,0,0,911,50
Kenosha,WI,169290,611.9,3.5,65013,83836,85454,38674,19773,18901,106691,53307,53384,23925,10756,13169,3029,1003,2026,27,3444343241,31780,709
Kewaunee,WI,20383,60.1,2.9,63612,10334,10049,4385,2238,2147,11830,6124,5706,4168,1972,2196,602,206,396,0,0,1051,48
La Crosse,WI,118230,253.8,2.6,60619,57659,60571,23386,11976,11410,75445,37025,38420,19399,8658,10741,2770,948,1822,52,3340042193,2121,0
Lafayette,WI,16665,26.6,2.3,60711,8435,8230,4080,2057,2023,9473,4855,4618,3112,1523,1589,443,174,269,0,0,559,0
Langlade,WI,19268,22.9,4,51334,9717,9551,3766,1942,1824,10886,5599,5287,4616,2176,2440,628,227,401,4,0,19,0
Lincoln,WI,27689,32.7,3.2,56645,14029,13660,5047,2638,2409,16693,8584,8109,5949,2807,3142,788,273,515,0,0,87,0
Manitowoc,WI,79074,138.3,3.1,56466,39507,39567,16260,8407,7853,46621,23706,22915,16193,7394,8799,2233,726,1507,16,0,880,36
Marathon,WI,135428,86.8,2.7,63442,68084,67344,30846,15846,15000,80602,41155,39447,23980,11083,12897,3205,1125,2080,52,2381741619,1421,51
Marinette,WI,40434,29.8,4,50670,20297,20137,7762,3987,3775,23050,11729,11321,9622,4581,5041,1274,449,825,10,0,845,65
Marquette,WI,15434,33.8,3.5,46964,7877,7557,2963,1554,1409,8684,4495,4189,3787,1828,1959,427,173,254,0,0,175,44
Menominee,WI,4658,11.8,5.7,40682,2320,2338,1580,843,737,2463,1196,1267,615,281,334,63,32,31,0,0,94,0
Milwaukee,WI,948201,3926,3.6,49771,459121,489080,227422,115858,111564,591776,288229,303547,129003,55034,73969,19090,6253,12837,381,6815981065,216829,10819
Monroe,WI,46051,49.6,2.7,58391,23301,22750,11693,5875,5818,26526,13682,12844,7832,3744,4088,931,333,598,0,565311617,769,34
Oconto,WI,37830,37.7,3.3,59983,19383,18447,7678,3963,3715,22439,11561,10878,7713,3859,3854,734,274,460,0,0,1008,0
Oneida,WI,35470,32.3,3.6,53805,17794,17676,6054,3115,2939,20182,10216,9966,9234,4463,4771,1053,405,648,20,0,384,0
Outagamie,WI,187365,277.2,2.8,65993,93674,93691,44129,22711,21418,115647,58520,57127,27589,12443,15146,3364,1189,2175,64,315962978,5353,185
Ozaukee,WI,89147,370.7,2.5,83014,43841,45306,18995,9767,9228,52549,26161,26388,17603,7913,9690,2466,893,1573,46,566143058,6207,600
Pepin,WI,7289,32.2,3.3,56348,3725,3564,1521,806,715,4137,2118,2019,1631,801,830,232,85,147,0,0,18,0
Pierce,WI,42555,71.5,3.2,75421,21199,21356,8758,4575,4183,27583,13568,14015,6214,3056,3158,664,245,419,0,3002339,1015,0
Polk,WI,43598,48.4,3.7,59990,21976,21622,9107,4646,4461,25502,12977,12525,8989,4353,4636,998,372,626,3,0,353,12
Portage,WI,70942,87.4,3,59032,35759,35183,13665,7064,6601,45447,23210,22237,11830,5485,6345,1419,484,935,12,0,364,0
Price,WI,13397,11.3,3.7,47032,6820,6577,2427,1248,1179,7533,3889,3644,3437,1683,1754,394,135,259,4,0,62,0
Racine,WI,196584,587.7,3.6,60349,97314,99270,45351,23230,22121,118773,59545,59228,32460,14539,17921,4154,1424,2730,33,3243210242,35592,814
Richland,WI,17377,30.7,2.7,53050,8740,8637,3770,1933,1837,9635,4904,4731,3972,1903,2069,577,207,370,4,0,625,107
Rock,WI,163129,223.3,3.2,57675,80393,82736,37701,19439,18262,98406,48907,49499,27022,12047,14975,3352,1119,2233,33,2948988874,15866,519
Rusk,WI,14147,16.2,4,48448,7180,6967,2867,1474,1393,7856,4065,3791,3424,1641,1783,465,156,309,4,0,222,0
St. Croix,WI,89694,116.8,3,82575,44793,44901,22234,11304,10930,54832,27564,27268,12628,5925,6703,1378,478,900,0,482996,1734,0
Sauk,WI,64249,74.6,2.6,57256,32060,32189,14644,7569,7075,37705,19112,18593,11900,5379,6521,1570,495,1075,10,28072235,3242,177
Sawyer,WI,16489,13.2,4.3,46490,8421,8068,3215,1653,1562,8999,4616,4383,4275,2152,2123,414,166,248,0,0,202,0
Shawano,WI,40796,47,3,56022,20414,20382,8714,4424,4290,23461,11897,11564,8621,4093,4528,1053,403,650,0,0,1072,0
Sheboygan,WI,115456,225.9,2.5,61906,58114,57342,25431,12983,12448,69236,35731,33505,20789,9400,11389,2811,982,1829,13,3630030574,3350,135
Taylor,WI,20412,21.2,3.1,56981,10374,10038,4776,2440,2336,11731,6066,5665,3905,1868,2037,565,187,378,0,0,14,0
Trempealeau,WI,29442,39.3,2.9,56978,14964,14478,7348,3806,3542,16764,8623,8141,5330,2535,2795,675,243,432,0,0,378,0
Vernon,WI,30785,37.6,2.9,51692,15498,15287,8019,4125,3894,16755,8497,8258,6011,2876,3135,837,299,538,0,0,303,0
Vilas,WI,21938,25,3.9,47198,11134,10804,3711,1905,1806,11469,5908,5561,6758,3321,3437,733,327,406,10,0,276,0
Walworth,WI,103718,184.2,2.9,64234,51797,51921,21406,10979,10427,63978,32261,31717,18334,8557,9777,2177,809,1368,16,0,10845,457
Washburn,WI,15878,20,3.9,50482,7861,8017,3042,1549,1493,8667,4267,4400,4169,2045,2124,488,164,324,0,0,59,0
Washington,WI,135693,306.2,2.5,75799,67452,68241,29722,14968,14754,81566,41324,40242,24405,11160,13245,3133,1135,1998,12,194316292,7296,228
Waukesha,WI,403072,709.4,2.7,87333,198189,204883,86695,44458,42237,241187,120089,121098,75190,33642,41548,10512,3608,6904,64,1943546468,22541,1016
Waupaca,WI,51128,70.1,3,58648,25940,25188,10373,5397,4976,30086,15382,14704,10669,5161,5508,1685,715,970,4,0,693,65
Waushara,WI,24263,39.1,3.5,52340,12764,11499,4431,2233,2198,13920,7634,6286,5912,2897,3015,672,260,412,0,0,216,0
Winnebago,WI,171020,384.3,2.7,57785,86063,84957,35085,17900,17185,107913,55619,52294,28022,12544,15478,3959,1385,2574,26,3558956741,5180,74
Wood,WI,73055,94.2,3.5,55879,35949,37106,15748,7947,7801,42285,21232,21053,15022,6770,8252,2187,781,1406,27,0,262,9
Albany,WY,38601,8.5,3.3,47561,20145,18456,6287,3269,3018,27784,14732,13052,4530,2144,2386,450,160,290,4,0,553,0
Big Horn,WY,11881,3.7,4.7,55195,5982,5899,3003,1495,1508,6383,3280,3103,2495,1207,1288,282,116,166,0,0,149,0
Campbell,WY,46140,9.6,4.1,78112,23779,22361,12611,6496,6115,28887,15057,13830,4642,2226,2416,366,138,228,14,0,1344,0
Carbon,WY,14971,2,3.8,61773,8081,6890,3419,1782,1637,8989,5012,3977,2563,1287,1276,257,110,147,6,0,477,14
Converse,WY,13640,3.3,3.7,68162,6927,6713,3354,1715,1639,8019,4119,3900,2267,1093,1174,228,93,135,0,0,1089,0
Crook,WY,7450,2.5,3.2,64053,3785,3665,1811,916,895,4102,2091,2011,1537,778,759,159,65,94,0,0,254,0
Fremont,WY,39531,4.4,5.2,51204,19826,19705,10104,5186,4918,22205,11245,10960,7222,3395,3827,805,307,498,12,0,8403,193
Goshen,WY,13376,6,3.3,51676,6983,6393,2685,1351,1334,7757,4261,3496,2934,1371,1563,444,153,291,0,0,257,0
Hot Springs,WY,4555,2.4,3.7,49356,2298,2257,961,518,443,2400,1213,1187,1194,567,627,149,58,91,0,0,306,0
Johnson,WY,8460,2.1,4,57676,4265,4195,1854,997,857,4602,2250,2352,2004,1018,986,237,99,138,0,0,892,49
Laramie,WY,98976,34.2,3.9,63839,50170,48806,23032,11841,11191,60080,30950,29130,15864,7379,8485,1908,682,1226,15,2379548942,8186,61
Lincoln,WY,19434,4.4,3.8,69598,9930,9504,5136,2666,2470,10922,5559,5363,3376,1705,1671,276,116,160,0,0,605,0
Natrona,WY,79115,14.1,4.6,64714,39860,39255,19040,9829,9211,47895,24442,23453,12180,5589,6591,1602,553,1049,14,2132019684,3049,4
Niobrara,WY,2388,0.9,2.8,51036,1091,1297,424,231,193,1424,580,844,540,280,260,52,27,25,0,0,104,0
Park,WY,29324,4.1,4.4,58873,14605,14719,6039,3129,2910,16480,8192,8288,6805,3284,3521,787,271,516,4,0,88,0
Platte,WY,8566,4.2,3.8,54165,4310,4256,1731,868,863,4640,2364,2276,2195,1078,1117,253,108,145,0,0,11,0
Sheridan,WY,30233,11.5,4,58307,15179,15054,6462,3339,3123,17424,8741,8683,6347,3099,3248,753,291,462,11,0,1015,0
Sublette,WY,9813,2.1,4.2,74570,5295,4518,2209,1180,1029,5693,3079,2614,1911,1036,875,180,107,73,0,0,170,0
Sweetwater,WY,43051,4.2,4.2,73315,22152,20899,11290,5773,5517,26547,13833,12714,5214,2546,2668,471,160,311,10,0,1051,0
Teton,WY,23081,5.3,3,99087,11909,11172,4239,2167,2072,15284,7946,7338,3558,1796,1762,325,132,193,6,0,5375,39
Uinta,WY,20299,10.1,4.4,63401,10285,10014,5844,3018,2826,11597,5850,5747,2858,1417,1441,255,89,166,6,156203456,456,0
Washakie,WY,7885,3.8,4.2,55190,3988,3897,1793,912,881,4382,2248,2134,1710,828,882,242,97,145,0,0,667,22
Weston,WY,6967,3,3.5,54319,3689,3278,1447,742,705,4091,2251,1840,1429,696,733,200,69,131,0,0,5,0
